Circle1:
(80, 151, 143)
(28, 124, 113)
(129, 178, 174)
(138, 185, 177)
(127, 183, 172)
(164, 190, 189)
(28, 120, 115)
(153, 189, 187)
(147, 195, 183)
(148, 191, 181)
(147, 188, 180)
(34, 127, 117)
(40, 124, 108)
(40, 116, 104)
(147, 198, 193)
(130, 187, 181)
(75, 142, 135)
(159, 188, 184)
(147, 191, 190)
(30, 125, 119)
(120, 171, 166)
(158, 193, 187)
(35, 122, 103)
(42, 123, 114)
(149, 184, 180)
(150, 180, 178)
(35, 134, 113)
(26, 134, 118)
(151, 203, 190)
(116, 176, 168)
(61, 139, 126)
(26, 116, 106)
(70, 138, 125)
(161, 193, 188)
(35, 118, 110)
(93, 159, 145)
(154, 196, 184)
(80, 147, 140)
(48, 124, 112)
(41, 125, 112)
(28, 123, 115)
(153, 192, 187)
(39, 114, 109)
(146, 194, 182)
(144, 186, 185)
(153, 185, 184)
(40, 122, 110)
(41, 118, 108)
(94, 160, 148)
(156, 185, 180)
(96, 155, 149)
(120, 173, 165)
(60, 134, 121)
(53, 135, 121)
(147, 197, 196)
(47, 113, 111)
(24, 126, 113)
(95, 160, 152)
(149, 186, 179)
(159, 195, 191)
(33, 116, 106)
(146, 190, 189)
(150, 186, 184)
(23, 130, 114)
(72, 143, 129)
(165, 190, 194)
(33, 120, 112)
(43, 123, 112)
(158, 189, 184)
(23, 123, 111)
(35, 118, 100)
(159, 185, 182)
(143, 188, 183)
(97, 164, 155)
(106, 174, 163)
(91, 162, 148)
(88, 147, 145)
(25, 115, 105)
(26, 122, 111)
(151, 191, 183)
(152, 187, 181)
(98, 153, 150)
(36, 117, 108)
(27, 122, 116)
(26, 131, 116)
(72, 147, 140)
(26, 123, 112)
(155, 190, 184)
(39, 117, 104)
(35, 125, 116)
(29, 122, 114)
(36, 121, 114)
(74, 140, 130)
(145, 195, 192)
(44, 115, 109)
(110, 170, 162)
(148, 181, 174)
(55, 126, 118)
(148, 200, 187)
(160, 186, 183)
(32, 122, 110)
(92, 155, 147)
(31, 115, 102)
(147, 197, 186)
(47, 124, 116)
(50, 123, 112)
(141, 190, 186)
(140, 191, 182)
(77, 144, 137)
(95, 163, 152)
(150, 189, 184)
(130, 189, 183)
(159, 191, 188)
(51, 123, 120)
(87, 150, 141)
(72, 150, 136)
(42, 122, 111)
(142, 188, 178)
(142, 187, 182)
(71, 143, 129)
(43, 119, 109)
(152, 193, 187)
(36, 123, 114)
(158, 188, 186)
(16, 123, 113)
(143, 184, 180)
(162, 191, 189)
(20, 127, 111)
(25, 122, 111)
(35, 136, 120)
(151, 190, 185)
(160, 189, 184)
(26, 119, 109)
(155, 186, 181)
(134, 189, 186)
(145, 191, 189)
(129, 184, 178)
(148, 196, 184)
(148, 188, 180)
(144, 196, 192)
(32, 118, 107)
(24, 132, 108)
(147, 193, 183)
(148, 189, 181)
(153, 187, 186)
(164, 192, 195)
(41, 117, 105)
(59, 136, 120)
(122, 175, 167)
(150, 195, 190)
(105, 175, 164)
(146, 181, 177)
(112, 173, 168)
(147, 196, 193)
(163, 188, 193)
(140, 187, 179)
(75, 148, 139)
(94, 155, 147)
(34, 125, 116)
(158, 198, 190)
(159, 194, 188)
(33, 115, 103)
(36, 123, 104)
(30, 122, 117)
(130, 185, 180)
(53, 130, 120)
(27, 133, 110)
(139, 184, 177)
(125, 187, 172)
(155, 188, 181)
(20, 122, 108)
(162, 194, 189)
(27, 120, 112)
(132, 189, 183)
(133, 185, 181)
(28, 125, 108)
(160, 195, 189)
(44, 125, 116)
(126, 187, 180)
(35, 116, 109)
(29, 124, 116)
(41, 138, 118)
(13, 120, 110)
(138, 189, 182)
(83, 144, 136)
(119, 174, 168)
(89, 158, 153)
(153, 193, 192)
(21, 123, 110)
(118, 179, 171)
(148, 187, 182)
(157, 186, 181)
(137, 186, 180)
(122, 182, 174)
(147, 192, 185)
(96, 161, 153)
(150, 187, 180)
(40, 120, 109)
(86, 156, 148)
(34, 117, 107)
(150, 191, 187)
(130, 191, 186)
(149, 192, 183)
(34, 121, 113)
(23, 128, 114)
(24, 124, 112)
(53, 126, 117)
(33, 126, 116)
(98, 165, 156)
(158, 190, 189)
(27, 123, 112)
(29, 127, 112)
(158, 187, 183)
(26, 128, 115)
(155, 195, 187)
(70, 142, 130)
(151, 192, 188)
(152, 188, 186)
(163, 190, 183)
(153, 193, 182)
(151, 193, 189)
(129, 182, 174)
(160, 191, 186)
(84, 154, 144)
(44, 121, 113)
(108, 167, 161)
(80, 151, 145)
(151, 185, 184)
(160, 192, 187)
(90, 149, 147)
(157, 200, 191)
(147, 184, 176)
(127, 184, 175)
(157, 192, 186)
(154, 185, 187)
(41, 122, 113)
(146, 191, 184)
(131, 187, 178)
(156, 197, 189)
(120, 177, 170)
(34, 116, 110)
(49, 125, 113)
(79, 152, 143)
(149, 190, 184)
(33, 120, 111)
(146, 194, 194)
(76, 146, 138)
(158, 189, 183)
(140, 181, 177)
(159, 188, 186)
(140, 182, 178)
(23, 127, 116)
(158, 193, 189)
(159, 189, 187)
(42, 123, 116)
(169, 195, 192)
(25, 127, 114)
(155, 190, 183)
(29, 123, 109)
(152, 191, 186)
(20, 125, 111)
(115, 177, 166)
(161, 193, 190)
(151, 196, 189)
(29, 115, 104)
(129, 185, 174)
(38, 122, 107)
(36, 125, 119)
(144, 190, 180)
(145, 186, 178)
(28, 120, 107)
(153, 189, 179)
(92, 155, 146)
(44, 117, 110)
(160, 190, 188)
(108, 171, 162)
(151, 181, 181)
(148, 194, 184)
(138, 183, 180)
(146, 193, 183)
(164, 193, 191)
(144, 193, 190)
(153, 192, 189)
(22, 130, 115)
(47, 128, 121)
(156, 189, 180)
(150, 190, 179)
(157, 188, 183)
(22, 122, 110)
(167, 197, 195)
(21, 118, 109)
(159, 199, 191)
(75, 156, 147)
(51, 124, 115)
(69, 143, 130)
(131, 186, 180)
(79, 159, 150)
(24, 126, 115)
(87, 155, 142)
(159, 195, 193)
(33, 116, 108)
(26, 134, 110)
(149, 198, 192)
(158, 185, 180)
(143, 185, 175)
(97, 160, 151)
(70, 151, 136)
(145, 188, 178)
(125, 188, 177)
(116, 179, 170)
(26, 119, 108)
(155, 186, 180)
(143, 189, 186)
(152, 187, 183)
(35, 121, 112)
(55, 132, 122)
(134, 191, 182)
(26, 123, 114)
(155, 190, 186)
(64, 134, 126)
(147, 193, 182)
(153, 188, 181)
(119, 180, 172)
(160, 186, 185)
(32, 122, 112)
(93, 156, 145)
(21, 129, 114)
(138, 187, 181)
(147, 197, 188)
(138, 190, 186)
(148, 193, 186)
(18, 122, 113)
(41, 121, 110)
(122, 179, 172)
(77, 132, 129)
(32, 112, 103)
(105, 168, 160)
(69, 146, 130)
(40, 126, 113)
(130, 185, 179)
(149, 200, 191)
(25, 133, 110)
(139, 195, 186)
(140, 191, 184)
(165, 190, 186)
(24, 129, 115)
(75, 152, 144)
(159, 198, 193)
(150, 189, 186)
(130, 189, 185)
(23, 125, 112)
(104, 164, 162)
(159, 191, 190)
(72, 146, 131)
(23, 115, 104)
(33, 123, 114)
(139, 188, 182)
(91, 157, 147)
(98, 163, 155)
(142, 187, 184)
(152, 193, 189)
(106, 169, 161)
(133, 189, 186)
(158, 188, 188)
(151, 194, 185)
(145, 195, 184)
(154, 194, 183)
(152, 194, 190)
(154, 197, 188)
(26, 126, 114)
(25, 122, 113)
(64, 137, 126)
(145, 188, 181)
(35, 136, 122)
(109, 168, 162)
(151, 190, 187)
(84, 155, 149)
(108, 173, 165)
(128, 184, 175)
(37, 121, 108)
(138, 193, 187)
(47, 124, 108)
(148, 195, 185)
(148, 199, 192)
(22, 120, 107)
(157, 197, 189)
(146, 196, 187)
(32, 118, 109)
(32, 129, 118)
(112, 172, 170)
(31, 119, 105)
(140, 197, 190)
(41, 117, 107)
(62, 136, 119)
(34, 121, 112)
(150, 195, 192)
(149, 196, 188)
(131, 188, 182)
(33, 126, 115)
(140, 187, 181)
(159, 194, 190)
(42, 128, 119)
(158, 187, 182)
(143, 194, 185)
(114, 159, 156)
(87, 157, 149)
(136, 192, 183)
(52, 127, 120)
(152, 192, 191)
(145, 191, 181)
(29, 121, 108)
(25, 129, 120)
(129, 186, 179)
(160, 195, 191)
(153, 186, 177)
(126, 187, 182)
(110, 172, 167)
(128, 191, 182)
(148, 191, 182)
(153, 190, 183)
(156, 194, 183)
(128, 183, 177)
(50, 132, 120)
(119, 182, 174)
(86, 151, 143)
(21, 123, 112)
(33, 126, 105)
(82, 141, 137)
(95, 161, 151)
(121, 177, 174)
(34, 125, 108)
(148, 187, 184)
(157, 194, 187)
(30, 122, 109)
(156, 187, 179)
(149, 199, 188)
(33, 129, 115)
(40, 120, 111)
(150, 199, 193)
(150, 202, 198)
(149, 192, 185)
(71, 144, 133)
(46, 124, 108)
(158, 197, 194)
(152, 192, 181)
(159, 193, 192)
(98, 165, 158)
(26, 124, 111)
(29, 127, 114)
(126, 187, 172)
(69, 137, 136)
(125, 183, 171)
(155, 192, 184)
(26, 117, 108)
(26, 128, 117)
(27, 124, 115)
(145, 198, 188)
(116, 177, 169)
(160, 187, 182)
(129, 189, 179)
(152, 188, 188)
(138, 191, 183)
(163, 190, 185)
(148, 194, 183)
(153, 193, 184)
(109, 171, 166)
(151, 193, 191)
(154, 189, 182)
(21, 122, 106)
(58, 130, 119)
(55, 134, 128)
(37, 123, 110)
(32, 128, 116)
(157, 188, 182)
(21, 126, 112)
(156, 193, 185)
(130, 190, 182)
(127, 184, 177)
(157, 192, 188)
(140, 196, 187)
(41, 122, 115)
(146, 191, 186)
(34, 121, 105)
(156, 197, 191)
(49, 125, 115)
(46, 122, 110)
(140, 189, 183)
(42, 111, 108)
(149, 191, 187)
(23, 127, 118)
(107, 170, 162)
(159, 189, 189)
(132, 187, 181)
(20, 121, 107)
(155, 198, 189)
(25, 127, 116)
(145, 201, 188)
(70, 137, 128)
(100, 157, 150)
(152, 191, 188)
(61, 128, 121)
(129, 188, 182)
(161, 182, 183)
(161, 193, 192)
(151, 196, 191)
(39, 126, 110)
(103, 161, 149)
(21, 121, 109)
(28, 120, 109)
(64, 139, 132)
(24, 126, 104)
(160, 190, 190)
(146, 193, 185)
(32, 124, 113)
(34, 116, 102)
(148, 197, 191)
(137, 184, 178)
(153, 192, 191)
(147, 187, 178)
(147, 190, 183)
(156, 189, 182)
(50, 127, 119)
(33, 131, 118)
(27, 126, 105)
(114, 171, 162)
(101, 166, 160)
(33, 123, 113)
(72, 150, 137)
(27, 130, 111)
(91, 165, 150)
(149, 194, 187)
(133, 190, 181)
(61, 141, 130)
(42, 118, 114)
(46, 130, 117)
(52, 132, 123)
(53, 128, 121)
(25, 123, 108)
(38, 135, 118)
(109, 169, 157)
(61, 131, 121)
(20, 128, 113)
(145, 181, 177)
(153, 191, 180)
(25, 126, 118)
(154, 187, 178)
(37, 113, 103)
(26, 123, 116)
(37, 114, 104)
(161, 192, 194)
(154, 191, 184)
(37, 125, 113)
(24, 132, 109)
(92, 151, 145)
(137, 190, 184)
(77, 147, 139)
(128, 189, 181)
(22, 117, 109)
(51, 123, 111)
(31, 123, 110)
(141, 194, 188)
(147, 194, 184)
(41, 121, 112)
(105, 156, 151)
(42, 137, 117)
(149, 200, 193)
(141, 187, 184)
(139, 192, 182)
(33, 119, 110)
(133, 193, 181)
(150, 189, 188)
(23, 125, 114)
(27, 110, 100)
(62, 121, 115)
(142, 195, 185)
(62, 132, 124)
(98, 159, 151)
(45, 126, 109)
(139, 188, 184)
(36, 120, 107)
(161, 192, 184)
(19, 127, 111)
(151, 194, 187)
(110, 180, 170)
(145, 195, 186)
(29, 125, 113)
(35, 116, 110)
(154, 194, 185)
(152, 194, 192)
(154, 186, 181)
(154, 197, 190)
(144, 200, 189)
(64, 137, 128)
(28, 130, 116)
(89, 155, 143)
(153, 190, 182)
(110, 176, 172)
(22, 127, 112)
(40, 125, 104)
(84, 155, 151)
(31, 129, 116)
(18, 124, 114)
(32, 125, 114)
(157, 194, 186)
(157, 186, 182)
(41, 116, 109)
(128, 185, 178)
(147, 200, 190)
(31, 122, 113)
(30, 112, 100)
(30, 131, 113)
(31, 119, 107)
(85, 138, 132)
(156, 191, 184)
(131, 184, 178)
(23, 120, 111)
(132, 189, 174)
(149, 185, 181)
(149, 196, 190)
(150, 192, 188)
(25, 132, 114)
(24, 128, 119)
(16, 123, 107)
(114, 173, 169)
(23, 129, 115)
(143, 194, 187)
(27, 116, 110)
(19, 130, 111)
(110, 176, 162)
(26, 121, 113)
(161, 187, 186)
(70, 143, 132)
(143, 198, 193)
(135, 193, 181)
(28, 133, 116)
(29, 121, 110)
(138, 195, 188)
(39, 116, 106)
(65, 140, 133)
(37, 135, 120)
(160, 184, 184)
(21, 126, 111)
(138, 188, 185)
(22, 123, 109)
(82, 145, 137)
(31, 114, 104)
(148, 191, 184)
(41, 131, 119)
(104, 170, 160)
(78, 146, 133)
(141, 196, 190)
(146, 195, 191)
(34, 125, 110)
(127, 166, 163)
(133, 183, 174)
(30, 122, 111)
(156, 187, 181)
(79, 146, 137)
(105, 170, 164)
(149, 199, 190)
(35, 130, 110)
(26, 132, 112)
(142, 194, 182)
(25, 128, 111)
(107, 174, 167)
(152, 192, 183)
(143, 193, 190)
(154, 195, 187)
(25, 120, 112)
(125, 186, 179)
(154, 192, 181)
(70, 141, 133)
(27, 124, 117)
(161, 197, 197)
(151, 200, 196)
(19, 130, 114)
(38, 115, 105)
(103, 165, 154)
(74, 145, 137)
(21, 125, 114)
(47, 117, 107)
(34, 120, 107)
(137, 188, 183)
(118, 174, 171)
(96, 163, 156)
(75, 137, 134)
(51, 117, 113)
(156, 186, 184)
(142, 189, 179)
(46, 122, 112)
(25, 131, 111)
(43, 131, 119)
(149, 191, 189)
(142, 192, 189)
(116, 179, 171)
(20, 128, 112)
(20, 120, 108)
(29, 119, 107)
(29, 130, 116)
(19, 125, 111)
(155, 187, 182)
(155, 198, 191)
(67, 138, 122)
(153, 195, 185)
(154, 191, 183)
(152, 191, 190)
(154, 183, 179)
(138, 194, 185)
(153, 196, 186)
(151, 196, 193)
(153, 188, 182)
(135, 188, 180)
(119, 180, 173)
(21, 121, 111)
(32, 123, 114)
(82, 147, 139)
(30, 120, 108)
(146, 182, 178)
(150, 194, 181)
(56, 134, 121)
(146, 193, 187)
(156, 196, 187)
(156, 188, 183)
(50, 115, 111)
(101, 163, 152)
(147, 198, 189)
(30, 132, 118)
(24, 121, 112)
(113, 174, 166)
(165, 191, 188)
(114, 171, 164)
(43, 129, 120)
(149, 194, 189)
(23, 130, 120)
(72, 143, 135)
(38, 124, 111)
(152, 186, 187)
(155, 185, 183)
(151, 187, 183)
(125, 169, 168)
(37, 136, 116)
(67, 145, 129)
(160, 189, 187)
(154, 190, 186)
(28, 111, 101)
(110, 173, 165)
(154, 187, 180)
(119, 178, 174)
(153, 184, 179)
(110, 169, 167)
(55, 125, 123)
(79, 147, 134)
(32, 119, 111)
(30, 116, 105)
(22, 117, 111)
(31, 123, 112)
(149, 197, 185)
(150, 193, 183)
(150, 185, 179)
(111, 177, 173)
(30, 128, 115)
(30, 120, 111)
(120, 179, 177)
(114, 174, 164)
(69, 135, 125)
(150, 196, 193)
(159, 187, 188)
(139, 192, 184)
(81, 144, 133)
(162, 195, 188)
(25, 126, 110)
(71, 142, 134)
(116, 181, 173)
(43, 118, 114)
(107, 172, 166)
(81, 148, 139)
(115, 175, 167)
(161, 191, 191)
(99, 167, 154)
(90, 158, 147)
(126, 177, 170)
(109, 165, 156)
(55, 135, 126)
(39, 120, 111)
(154, 186, 183)
(134, 186, 182)
(73, 146, 137)
(48, 126, 112)
(160, 188, 189)
(118, 175, 168)
(128, 183, 178)
(47, 123, 111)
(92, 162, 151)
(147, 188, 182)
(31, 118, 109)
(153, 183, 181)
(148, 195, 189)
(50, 125, 118)
(119, 175, 172)
(157, 186, 184)
(157, 187, 185)
(17, 125, 110)
(113, 173, 163)
(86, 145, 141)
(158, 194, 190)
(140, 186, 184)
(23, 120, 113)
(149, 185, 183)
(150, 192, 190)
(117, 180, 172)
(142, 198, 187)
(81, 151, 140)
(155, 192, 185)
(20, 126, 112)
(143, 194, 189)
(144, 191, 181)
(155, 184, 180)
(48, 124, 114)
(153, 193, 185)
(145, 202, 195)
(154, 189, 183)
(41, 134, 113)
(38, 119, 110)
(103, 169, 159)
(64, 140, 130)
(48, 125, 115)
(28, 125, 114)
(118, 181, 173)
(28, 122, 108)
(32, 128, 117)
(31, 121, 109)
(31, 132, 118)
(156, 193, 186)
(157, 189, 184)
(69, 136, 127)
(24, 127, 110)
(157, 185, 186)
(79, 142, 133)
(31, 118, 112)
(156, 190, 189)
(23, 123, 113)
(24, 119, 111)
(132, 184, 172)
(159, 185, 184)
(152, 196, 183)
(28, 132, 107)
(72, 148, 138)
(126, 186, 176)
(117, 179, 174)
(65, 139, 124)
(158, 186, 189)
(154, 195, 189)
(35, 115, 104)
(155, 191, 187)
(125, 174, 170)
(25, 120, 114)
(90, 141, 136)
(64, 136, 122)
(144, 187, 178)
(161, 186, 190)
(18, 123, 109)
(112, 174, 163)
(154, 185, 180)
(41, 130, 110)
(83, 154, 146)
(28, 121, 111)
(21, 125, 116)
(121, 177, 168)
(31, 117, 106)
(153, 182, 178)
(150, 190, 182)
(22, 119, 108)
(148, 190, 189)
(34, 120, 109)
(112, 178, 174)
(156, 192, 188)
(101, 167, 157)
(31, 121, 112)
(69, 151, 137)
(141, 191, 188)
(42, 131, 113)
(133, 186, 176)
(88, 166, 150)
(33, 124, 115)
(143, 193, 182)
(43, 122, 116)
(27, 134, 118)
(132, 183, 174)
(72, 140, 129)
(123, 174, 167)
(45, 123, 110)
(81, 153, 142)
(152, 195, 185)
(100, 168, 155)
(119, 183, 167)
(143, 178, 174)
(26, 119, 111)
(81, 154, 143)
(151, 192, 184)
(20, 120, 110)
(29, 119, 109)
(19, 125, 113)
(155, 187, 184)
(48, 131, 115)
(74, 147, 138)
(161, 189, 190)
(153, 184, 178)
(160, 194, 193)
(148, 189, 183)
(153, 188, 184)
(32, 119, 110)
(93, 156, 148)
(164, 190, 187)
(118, 173, 167)
(137, 192, 187)
(30, 120, 110)
(156, 188, 185)
(94, 164, 154)
(141, 187, 185)
(31, 120, 114)
(50, 116, 114)
(165, 191, 190)
(94, 160, 156)
(139, 188, 185)
(43, 118, 113)
(149, 194, 191)
(25, 130, 115)
(45, 122, 112)
(154, 194, 186)
(38, 124, 113)
(32, 119, 100)
(151, 187, 185)
(70, 140, 132)
(29, 126, 115)
(37, 120, 110)
(108, 174, 164)
(154, 190, 188)
(155, 197, 195)
(151, 191, 191)
(41, 125, 110)
(32, 125, 115)
(47, 127, 116)
(41, 124, 114)
(163, 189, 186)
(128, 185, 179)
(33, 130, 111)
(147, 192, 187)
(56, 129, 120)
(34, 118, 105)
(146, 188, 186)
(24, 121, 104)
(159, 190, 182)
(111, 174, 165)
(130, 181, 174)
(156, 191, 185)
(40, 121, 112)
(157, 191, 190)
(24, 124, 114)
(50, 119, 114)
(150, 185, 181)
(33, 126, 118)
(123, 183, 173)
(79, 140, 132)
(149, 189, 188)
(17, 119, 106)
(158, 187, 185)
(27, 117, 107)
(72, 142, 131)
(45, 125, 112)
(158, 183, 187)
(52, 127, 123)
(25, 118, 108)
(136, 193, 187)
(144, 195, 186)
(100, 163, 154)
(162, 187, 191)
(19, 124, 110)
(160, 192, 189)
(154, 193, 188)
(28, 114, 103)
(145, 184, 181)
(29, 122, 112)
(125, 184, 180)
(39, 120, 113)
(154, 186, 185)
(73, 146, 139)
(21, 127, 113)
(141, 193, 181)
(56, 132, 120)
(75, 147, 133)
(157, 193, 189)
(147, 188, 184)
(149, 189, 178)
(156, 187, 182)
(40, 117, 109)
(30, 123, 113)
(159, 190, 185)
(17, 125, 112)
(147, 181, 180)
(162, 197, 190)
(143, 190, 180)
(46, 124, 111)
(158, 194, 192)
(152, 192, 184)
(36, 122, 111)
(25, 117, 102)
(152, 193, 185)
(45, 129, 113)
(126, 179, 171)
(20, 126, 114)
(145, 186, 180)
(29, 116, 107)
(70, 150, 139)
(72, 142, 134)
(134, 185, 178)
(151, 200, 197)
(119, 185, 173)
(164, 191, 184)
(126, 183, 177)
(28, 121, 110)
(37, 119, 107)
(29, 120, 113)
(154, 189, 185)
(164, 195, 190)
(28, 125, 116)
(40, 139, 118)
(144, 194, 193)
(22, 122, 112)
(121, 181, 173)
(141, 192, 183)
(31, 121, 111)
(57, 124, 115)
(37, 116, 110)
(157, 189, 186)
(40, 123, 115)
(49, 129, 116)
(147, 203, 194)
(79, 149, 138)
(146, 199, 193)
(33, 125, 110)
(94, 161, 152)
(78, 154, 141)
(27, 115, 103)
(23, 123, 115)
(98, 158, 148)
(159, 185, 186)
(139, 194, 189)
(81, 146, 138)
(162, 197, 193)
(155, 188, 179)
(74, 148, 133)
(63, 139, 127)
(28, 124, 110)
(154, 195, 191)
(155, 191, 189)
(83, 151, 138)
(145, 194, 188)
(144, 187, 180)
(77, 148, 134)
(28, 128, 116)
(67, 143, 130)
(39, 119, 110)
(148, 193, 188)
(57, 130, 121)
(154, 188, 187)
(93, 160, 153)
(22, 129, 119)
(118, 185, 176)
(104, 162, 150)
(156, 196, 188)
(40, 126, 115)
(31, 117, 108)
(31, 128, 117)
(56, 127, 119)
(146, 186, 185)
(22, 119, 110)
(88, 154, 142)
(156, 192, 190)
(52, 144, 123)
(124, 184, 174)
(33, 121, 107)
(141, 191, 190)
(79, 149, 141)
(46, 129, 119)
(152, 183, 177)
(16, 121, 107)
(114, 154, 153)
(90, 162, 151)
(151, 188, 180)
(91, 158, 149)
(35, 126, 111)
(42, 127, 122)
(125, 185, 177)
(145, 196, 187)
(135, 191, 182)
(161, 186, 182)
(134, 187, 181)
(80, 146, 136)
(155, 194, 189)
(38, 128, 118)
(151, 191, 190)
(44, 120, 110)
(155, 187, 186)
(74, 147, 140)
(146, 186, 175)
(164, 186, 183)
(144, 197, 191)
(163, 193, 191)
(148, 189, 185)
(30, 124, 110)
(24, 125, 109)
(150, 193, 184)
(33, 127, 113)
(59, 129, 121)
(122, 187, 181)
(147, 186, 183)
(31, 124, 114)
(165, 197, 194)
(158, 188, 180)
(42, 126, 111)
(156, 188, 187)
(33, 117, 104)
(94, 164, 156)
(150, 196, 194)
(149, 190, 182)
(152, 194, 182)
(158, 189, 181)
(16, 124, 108)
(17, 123, 111)
(27, 129, 116)
(98, 159, 154)
(36, 128, 115)
(139, 185, 182)
(125, 189, 173)
(26, 122, 108)
(151, 191, 180)
(158, 192, 191)
(132, 179, 173)
(155, 200, 195)
(160, 193, 184)
(19, 124, 109)
(134, 190, 181)
(161, 192, 187)
(19, 127, 114)
(45, 122, 114)
(145, 192, 184)
(35, 125, 113)
(29, 122, 111)
(160, 197, 190)
(106, 158, 156)
(44, 127, 117)
(20, 124, 113)
(28, 118, 108)
(151, 187, 187)
(29, 126, 117)
(67, 137, 129)
(37, 120, 112)
(92, 162, 152)
(164, 193, 189)
(163, 189, 188)
(147, 192, 189)
(76, 148, 136)
(30, 123, 112)
(159, 190, 184)
(53, 131, 115)
(147, 193, 190)
(49, 130, 121)
(156, 191, 187)
(124, 187, 178)
(30, 127, 118)
(24, 124, 116)
(27, 121, 107)
(123, 183, 175)
(124, 179, 173)
(68, 139, 131)
(151, 197, 186)
(16, 131, 114)
(123, 184, 176)
(142, 191, 185)
(52, 123, 119)
(152, 197, 190)
(100, 170, 160)
(45, 125, 114)
(28, 129, 113)
(37, 120, 102)
(155, 196, 192)
(36, 116, 107)
(154, 190, 180)
(145, 190, 185)
(126, 176, 173)
(99, 156, 149)
(29, 129, 117)
(37, 123, 112)
(160, 192, 191)
(154, 193, 190)
(155, 189, 188)
(47, 129, 117)
(153, 194, 186)
(157, 190, 181)
(144, 185, 179)
(73, 135, 132)
(21, 127, 115)
(96, 157, 149)
(146, 191, 188)
(148, 203, 198)
(75, 147, 135)
(121, 174, 168)
(156, 197, 193)
(157, 193, 191)
(137, 193, 190)
(147, 196, 190)
(146, 192, 189)
(34, 122, 108)
(150, 176, 173)
(159, 186, 181)
(24, 120, 108)
(149, 189, 180)
(147, 189, 187)
(139, 195, 184)
(30, 112, 106)
(139, 194, 188)
(30, 123, 115)
(33, 119, 106)
(132, 188, 179)
(17, 122, 108)
(27, 120, 109)
(151, 193, 183)
(152, 189, 181)
(132, 189, 180)
(162, 187, 183)
(45, 121, 111)
(25, 121, 110)
(151, 186, 179)
(20, 126, 116)
(0, 255, 0)
(155, 195, 194)
(134, 185, 180)
(164, 191, 186)
(144, 191, 185)
(125, 187, 182)
(37, 108, 100)
(40, 127, 110)
(47, 114, 105)
(77, 134, 127)
(18, 124, 110)
(30, 119, 99)
(157, 199, 197)
(49, 126, 108)
(27, 127, 103)
(34, 128, 114)
(157, 196, 191)
(66, 133, 124)
(22, 122, 114)
(141, 192, 185)
(159, 189, 181)
(22, 123, 115)
(157, 189, 188)
(131, 184, 174)
(149, 195, 185)
(98, 164, 152)
(33, 125, 112)
(17, 117, 105)
(24, 116, 105)
(30, 126, 115)
(94, 161, 154)
(113, 176, 167)
(53, 129, 119)
(27, 123, 109)
(25, 123, 110)
(152, 195, 186)
(143, 186, 179)
(155, 195, 184)
(61, 131, 123)
(20, 128, 115)
(39, 122, 104)
(65, 138, 127)
(135, 195, 187)
(39, 133, 119)
(35, 119, 106)
(89, 157, 144)
(57, 134, 116)
(160, 191, 183)
(37, 133, 119)
(39, 125, 114)
(144, 194, 185)
(28, 124, 112)
(144, 178, 177)
(148, 190, 180)
(20, 125, 118)
(155, 191, 191)
(145, 194, 190)
(37, 118, 112)
(57, 137, 126)
(144, 190, 187)
(148, 182, 181)
(148, 193, 190)
(121, 184, 175)
(147, 194, 186)
(31, 124, 113)
(118, 185, 178)
(148, 194, 191)
(150, 197, 189)
(22, 126, 115)
(60, 137, 127)
(30, 121, 112)
(31, 128, 119)
(69, 139, 131)
(88, 154, 144)
(159, 188, 183)
(124, 184, 176)
(98, 160, 149)
(33, 121, 109)
(158, 193, 186)
(139, 196, 190)
(88, 158, 150)
(49, 121, 117)
(162, 188, 185)
(91, 155, 141)
(27, 119, 106)
(142, 185, 178)
(161, 192, 186)
(25, 130, 116)
(26, 124, 109)
(155, 191, 181)
(89, 155, 145)
(137, 191, 177)
(110, 163, 155)
(41, 132, 114)
(39, 124, 117)
(155, 194, 191)
(32, 131, 111)
(153, 199, 189)
(19, 121, 110)
(144, 193, 187)
(153, 195, 191)
(118, 180, 175)
(30, 132, 111)
(137, 187, 184)
(157, 198, 194)
(48, 127, 121)
(138, 194, 191)
(157, 188, 180)
(146, 197, 192)
(141, 191, 182)
(24, 125, 111)
(150, 193, 186)
(42, 114, 103)
(156, 195, 192)
(159, 192, 185)
(60, 133, 124)
(105, 164, 160)
(31, 124, 116)
(165, 197, 196)
(43, 130, 114)
(107, 165, 153)
(117, 174, 165)
(159, 184, 180)
(27, 125, 112)
(25, 125, 113)
(152, 194, 184)
(27, 118, 109)
(162, 184, 182)
(36, 124, 110)
(36, 128, 117)
(161, 188, 183)
(151, 191, 182)
(152, 187, 180)
(160, 193, 186)
(160, 185, 182)
(145, 192, 186)
(51, 134, 116)
(163, 192, 187)
(70, 129, 127)
(153, 198, 191)
(47, 131, 118)
(164, 189, 185)
(144, 189, 184)
(41, 132, 117)
(105, 167, 156)
(66, 138, 127)
(141, 197, 188)
(67, 129, 126)
(105, 168, 157)
(131, 173, 169)
(150, 196, 186)
(76, 137, 129)
(33, 131, 116)
(158, 191, 182)
(17, 122, 107)
(133, 188, 183)
(159, 183, 183)
(78, 143, 137)
(33, 123, 111)
(69, 134, 130)
(43, 129, 116)
(158, 195, 188)
(72, 149, 139)
(81, 151, 143)
(100, 166, 156)
(45, 129, 114)
(149, 200, 201)
(25, 121, 109)
(142, 191, 187)
(162, 183, 184)
(35, 127, 114)
(38, 134, 120)
(61, 133, 129)
(28, 129, 115)
(145, 190, 187)
(44, 130, 119)
(38, 119, 113)
(145, 191, 188)
(29, 129, 119)
(115, 175, 173)
(37, 112, 105)
(21, 124, 107)
(146, 196, 184)
(148, 180, 175)
(144, 188, 187)
(164, 188, 188)
(153, 194, 188)
(30, 123, 104)
(37, 124, 115)
(102, 163, 155)
(157, 190, 183)
(37, 116, 111)
(150, 191, 183)
(77, 147, 137)
(34, 132, 119)
(101, 160, 154)
(149, 195, 184)
(156, 186, 186)
(111, 166, 160)
(30, 126, 114)
(85, 153, 142)
(147, 196, 192)
(131, 188, 179)
(34, 122, 110)
(158, 190, 185)
(17, 121, 110)
(27, 127, 115)
(71, 141, 130)
(78, 128, 125)
(78, 139, 134)
(143, 190, 184)
(161, 190, 186)
(132, 189, 182)
(132, 181, 178)
(35, 123, 111)
(153, 197, 184)
(54, 119, 111)
(54, 130, 120)
(135, 188, 182)
(47, 130, 110)
(153, 189, 185)
(58, 118, 116)
(163, 187, 187)
(112, 175, 167)
(157, 193, 183)
(15, 120, 106)
(21, 123, 109)
(146, 192, 181)
(147, 198, 191)
(82, 159, 151)
(157, 196, 193)
(149, 191, 181)
(150, 187, 179)
(30, 125, 117)
(166, 187, 188)
(139, 197, 185)
(33, 114, 105)
(33, 125, 114)
(69, 144, 137)
(43, 120, 110)
(23, 120, 109)
(133, 179, 176)
(17, 117, 107)
(39, 137, 114)
(162, 192, 190)
(26, 127, 113)
(27, 123, 111)
(162, 189, 184)
(151, 188, 181)
(152, 184, 179)
(35, 118, 108)
(152, 195, 188)
(161, 194, 187)
(155, 195, 186)
(109, 170, 162)
(35, 122, 114)
(161, 187, 184)
(160, 191, 185)
(109, 174, 168)
(30, 132, 110)
(164, 186, 184)
(153, 185, 182)
(39, 126, 117)
(75, 145, 134)
(146, 198, 186)
(121, 172, 167)
(32, 120, 108)
(86, 158, 146)
(147, 197, 194)
(157, 192, 185)
(147, 194, 188)
(43, 130, 113)
(150, 186, 182)
(60, 137, 129)
(30, 121, 114)
(42, 130, 118)
(123, 188, 180)
(143, 199, 190)
(133, 194, 186)
(25, 126, 112)
(143, 200, 191)
(35, 121, 108)
(27, 122, 114)
(162, 188, 187)
(26, 131, 114)
(25, 127, 113)
(54, 121, 114)
(136, 186, 183)
(161, 185, 185)
(118, 184, 170)
(32, 131, 113)
(32, 115, 105)
(119, 176, 170)
(153, 183, 183)
(22, 129, 113)
(47, 124, 114)
(48, 131, 121)
(144, 193, 189)
(141, 190, 184)
(37, 122, 115)
(153, 195, 193)
(147, 190, 180)
(103, 168, 162)
(24, 132, 116)
(27, 129, 107)
(60, 140, 129)
(159, 191, 186)
(62, 133, 119)
(43, 119, 107)
(162, 191, 187)
(25, 125, 115)
(46, 121, 114)
(126, 189, 172)
(155, 193, 182)
(35, 117, 105)
(27, 118, 111)
(36, 124, 112)
(54, 124, 114)
(46, 133, 124)
(73, 158, 139)
(38, 120, 108)
(136, 189, 183)
(32, 118, 105)
(137, 187, 176)
(135, 187, 183)
(80, 142, 137)
(138, 194, 183)
(148, 200, 188)
(163, 184, 185)
(150, 195, 188)
(144, 189, 186)
(150, 192, 182)
(146, 192, 190)
(24, 121, 110)
(59, 127, 126)
(158, 191, 184)
(23, 125, 111)
(136, 192, 179)
(27, 128, 114)
(27, 120, 110)
(152, 189, 182)
(36, 119, 109)
(158, 184, 181)
(123, 180, 174)
(162, 187, 184)
(65, 132, 123)
(151, 194, 184)
(151, 186, 180)
(143, 187, 186)
(152, 186, 185)
(19, 119, 109)
(28, 121, 113)
(160, 189, 185)
(163, 191, 192)
(157, 197, 188)
(153, 197, 196)
(153, 194, 190)
(150, 191, 185)
(130, 191, 184)
(24, 131, 113)
(94, 162, 151)
(149, 188, 183)
(158, 190, 187)
(30, 119, 113)
(27, 127, 117)
(16, 122, 108)
(23, 121, 108)
(87, 148, 143)
(151, 192, 186)
(152, 188, 184)
(35, 122, 113)
(20, 122, 109)
(91, 152, 147)
(161, 190, 188)
(162, 186, 186)
(142, 186, 185)
(134, 181, 173)
(70, 145, 138)
(44, 121, 111)
(161, 191, 189)

Circle2:
(79, 129, 32)
(82, 127, 44)
(144, 169, 129)
(163, 192, 146)
(174, 197, 155)
(88, 124, 60)
(98, 130, 65)
(157, 183, 136)
(111, 137, 89)
(83, 127, 48)
(163, 188, 148)
(174, 189, 156)
(150, 176, 131)
(124, 152, 104)
(83, 122, 55)
(147, 169, 130)
(140, 168, 120)
(150, 177, 132)
(166, 188, 150)
(85, 128, 46)
(115, 149, 89)
(120, 142, 103)
(92, 132, 62)
(176, 194, 156)
(78, 122, 37)
(113, 136, 94)
(165, 185, 148)
(93, 128, 64)
(119, 148, 94)
(96, 131, 67)
(99, 129, 79)
(169, 189, 152)
(121, 160, 97)
(96, 132, 68)
(112, 143, 86)
(168, 193, 153)
(175, 194, 164)
(137, 168, 109)
(95, 128, 71)
(115, 138, 92)
(84, 125, 46)
(88, 122, 62)
(111, 139, 88)
(102, 130, 81)
(101, 127, 80)
(123, 157, 96)
(144, 166, 127)
(147, 173, 126)
(79, 128, 39)
(104, 129, 87)
(173, 192, 160)
(120, 145, 103)
(150, 173, 129)
(98, 125, 74)
(145, 176, 117)
(172, 187, 154)
(93, 127, 67)
(92, 123, 66)
(178, 201, 159)
(161, 187, 140)
(81, 129, 45)
(79, 121, 49)
(168, 192, 156)
(168, 189, 150)
(104, 133, 75)
(87, 127, 54)
(170, 192, 154)
(154, 176, 137)
(82, 126, 41)
(118, 144, 99)
(83, 126, 46)
(174, 199, 157)
(119, 144, 104)
(171, 195, 163)
(160, 180, 145)
(111, 139, 91)
(156, 181, 141)
(79, 127, 41)
(122, 144, 105)
(82, 125, 53)
(174, 195, 164)
(172, 189, 153)
(149, 176, 133)
(98, 123, 81)
(165, 192, 149)
(136, 164, 115)
(92, 122, 68)
(117, 142, 100)
(126, 152, 107)
(82, 129, 37)
(177, 197, 160)
(154, 188, 137)
(167, 200, 147)
(83, 129, 41)
(127, 165, 106)
(108, 134, 86)
(124, 162, 101)
(83, 128, 45)
(113, 149, 88)
(84, 128, 49)
(149, 180, 121)
(82, 125, 43)
(105, 132, 81)
(174, 195, 154)
(177, 193, 166)
(174, 190, 161)
(167, 189, 151)
(149, 175, 127)
(97, 127, 73)
(166, 193, 152)
(78, 128, 41)
(165, 190, 151)
(166, 186, 149)
(113, 142, 98)
(175, 196, 157)
(92, 125, 68)
(134, 160, 113)
(152, 179, 134)
(125, 151, 106)
(99, 127, 79)
(168, 190, 152)
(143, 170, 127)
(169, 186, 150)
(110, 137, 86)
(80, 125, 40)
(128, 151, 107)
(102, 128, 81)
(170, 187, 153)
(166, 193, 142)
(174, 194, 157)
(108, 133, 93)
(105, 130, 88)
(174, 193, 161)
(96, 121, 81)
(159, 187, 139)
(79, 129, 44)
(90, 124, 64)
(91, 124, 69)
(158, 192, 141)
(158, 184, 137)
(93, 130, 60)
(149, 175, 130)
(123, 151, 103)
(142, 166, 116)
(86, 124, 51)
(161, 184, 138)
(169, 193, 157)
(88, 128, 55)
(116, 141, 101)
(155, 177, 138)
(93, 121, 73)
(103, 130, 85)
(113, 151, 90)
(79, 129, 34)
(101, 127, 79)
(96, 124, 76)
(82, 127, 46)
(88, 124, 62)
(166, 192, 145)
(157, 183, 138)
(94, 122, 71)
(157, 182, 142)
(95, 120, 78)
(176, 192, 156)
(94, 125, 81)
(175, 197, 159)
(100, 129, 73)
(176, 193, 157)
(85, 128, 48)
(89, 125, 64)
(90, 121, 62)
(172, 191, 159)
(107, 131, 83)
(169, 195, 156)
(149, 174, 132)
(112, 146, 85)
(142, 167, 128)
(165, 185, 150)
(83, 130, 38)
(154, 182, 131)
(130, 169, 106)
(89, 121, 71)
(155, 181, 134)
(169, 189, 154)
(151, 178, 135)
(109, 135, 87)
(96, 123, 70)
(125, 146, 105)
(168, 185, 151)
(161, 187, 152)
(82, 130, 46)
(94, 124, 70)
(156, 178, 129)
(111, 139, 90)
(110, 135, 95)
(153, 174, 135)
(90, 128, 55)
(180, 190, 163)
(76, 129, 39)
(98, 128, 74)
(101, 127, 82)
(91, 122, 65)
(146, 169, 127)
(104, 129, 89)
(173, 192, 162)
(98, 124, 76)
(92, 127, 61)
(166, 191, 152)
(167, 187, 150)
(159, 182, 138)
(79, 124, 43)
(101, 138, 68)
(133, 161, 121)
(103, 132, 74)
(158, 179, 136)
(100, 128, 80)
(169, 191, 153)
(170, 196, 149)
(175, 189, 163)
(161, 187, 142)
(81, 126, 41)
(168, 188, 151)
(99, 125, 78)
(168, 192, 158)
(90, 116, 71)
(177, 198, 159)
(87, 126, 61)
(171, 190, 158)
(98, 128, 64)
(170, 192, 156)
(155, 180, 141)
(101, 129, 81)
(102, 125, 79)
(128, 153, 113)
(174, 199, 159)
(153, 178, 136)
(133, 158, 101)
(94, 121, 68)
(91, 125, 65)
(156, 178, 132)
(159, 185, 138)
(79, 127, 43)
(173, 188, 159)
(172, 189, 155)
(166, 190, 154)
(173, 189, 160)
(98, 123, 83)
(89, 120, 63)
(93, 126, 71)
(92, 122, 70)
(136, 157, 114)
(160, 186, 139)
(151, 177, 132)
(135, 162, 117)
(155, 175, 138)
(177, 197, 162)
(101, 130, 72)
(83, 128, 47)
(119, 146, 105)
(167, 193, 146)
(170, 191, 158)
(158, 189, 130)
(95, 123, 72)
(96, 122, 75)
(82, 125, 45)
(84, 123, 58)
(176, 198, 160)
(125, 159, 99)
(131, 156, 114)
(167, 189, 153)
(109, 143, 82)
(123, 151, 102)
(175, 191, 152)
(97, 127, 75)
(81, 131, 36)
(124, 150, 105)
(175, 195, 158)
(150, 175, 133)
(173, 187, 161)
(166, 186, 151)
(158, 181, 139)
(92, 125, 70)
(161, 188, 143)
(134, 160, 115)
(108, 136, 88)
(177, 199, 161)
(102, 131, 75)
(178, 195, 159)
(168, 190, 154)
(143, 170, 129)
(169, 186, 152)
(127, 160, 105)
(134, 161, 116)
(164, 197, 144)
(95, 125, 71)
(112, 140, 91)
(170, 194, 158)
(156, 184, 133)
(111, 137, 90)
(172, 195, 151)
(163, 188, 149)
(102, 128, 83)
(149, 178, 124)
(170, 187, 155)
(149, 179, 125)
(105, 130, 90)
(174, 193, 163)
(86, 127, 51)
(132, 157, 102)
(146, 166, 131)
(132, 156, 106)
(109, 139, 79)
(91, 124, 71)
(79, 122, 43)
(167, 188, 155)
(139, 166, 121)
(158, 184, 139)
(94, 119, 77)
(175, 191, 155)
(173, 183, 158)
(100, 129, 85)
(162, 183, 144)
(154, 186, 136)
(170, 193, 147)
(168, 193, 154)
(119, 149, 95)
(100, 126, 79)
(92, 121, 67)
(169, 193, 159)
(152, 175, 133)
(162, 184, 145)
(85, 121, 57)
(134, 157, 113)
(128, 154, 109)
(138, 163, 121)
(148, 169, 126)
(91, 128, 59)
(172, 198, 151)
(123, 157, 97)
(166, 192, 147)
(89, 129, 59)
(132, 160, 102)
(141, 166, 127)
(95, 120, 80)
(172, 194, 158)
(167, 191, 155)
(139, 164, 122)
(175, 197, 161)
(100, 129, 75)
(169, 192, 148)
(176, 193, 159)
(172, 191, 161)
(92, 127, 73)
(175, 190, 157)
(136, 162, 117)
(110, 138, 90)
(99, 125, 77)
(153, 182, 128)
(160, 192, 143)
(164, 188, 138)
(155, 181, 136)
(129, 157, 109)
(106, 128, 89)
(78, 118, 48)
(155, 180, 140)
(134, 155, 114)
(96, 123, 72)
(146, 172, 127)
(95, 128, 75)
(83, 126, 47)
(102, 129, 84)
(120, 148, 99)
(94, 124, 72)
(82, 131, 49)
(170, 189, 157)
(76, 129, 41)
(98, 128, 76)
(166, 187, 148)
(140, 163, 121)
(169, 195, 148)
(176, 196, 159)
(173, 192, 164)
(87, 119, 69)
(92, 127, 63)
(174, 188, 162)
(167, 187, 152)
(172, 193, 160)
(97, 125, 74)
(123, 149, 101)
(159, 182, 140)
(142, 168, 121)
(86, 125, 60)
(89, 124, 68)
(139, 164, 125)
(109, 137, 89)
(129, 156, 103)
(85, 126, 56)
(169, 191, 155)
(170, 196, 151)
(95, 131, 70)
(96, 127, 68)
(108, 134, 87)
(96, 126, 72)
(81, 126, 43)
(168, 188, 153)
(99, 125, 80)
(178, 197, 165)
(167, 193, 145)
(160, 183, 141)
(171, 190, 160)
(96, 122, 74)
(173, 196, 152)
(98, 128, 66)
(95, 127, 77)
(83, 125, 49)
(131, 157, 109)
(98, 132, 72)
(180, 193, 165)
(162, 192, 140)
(141, 169, 131)
(91, 126, 68)
(140, 162, 123)
(172, 196, 160)
(159, 185, 140)
(92, 131, 64)
(172, 189, 157)
(97, 121, 71)
(159, 181, 142)
(90, 123, 66)
(151, 181, 127)
(80, 130, 35)
(106, 133, 88)
(151, 176, 134)
(93, 126, 73)
(88, 125, 56)
(169, 190, 157)
(92, 122, 72)
(128, 152, 104)
(160, 186, 141)
(170, 195, 153)
(108, 130, 84)
(177, 193, 157)
(148, 174, 129)
(80, 129, 47)
(99, 124, 82)
(87, 122, 54)
(91, 133, 61)
(167, 193, 148)
(90, 130, 60)
(146, 167, 126)
(95, 123, 74)
(164, 186, 147)
(171, 187, 158)
(105, 131, 84)
(157, 180, 138)
(98, 122, 74)
(140, 165, 123)
(176, 198, 162)
(132, 160, 111)
(131, 156, 116)
(93, 130, 61)
(175, 191, 154)
(97, 127, 77)
(159, 184, 142)
(175, 195, 160)
(100, 127, 74)
(176, 191, 158)
(100, 126, 78)
(172, 188, 159)
(165, 187, 149)
(80, 128, 42)
(135, 161, 113)
(137, 164, 111)
(92, 125, 72)
(151, 172, 131)
(177, 199, 163)
(178, 195, 161)
(151, 176, 137)
(170, 191, 150)
(144, 167, 123)
(95, 125, 73)
(163, 184, 145)
(131, 155, 105)
(89, 129, 58)
(120, 146, 99)
(170, 194, 160)
(83, 124, 46)
(164, 189, 147)
(163, 185, 146)
(172, 195, 153)
(179, 196, 164)
(131, 159, 111)
(167, 192, 150)
(90, 129, 62)
(174, 193, 165)
(162, 191, 137)
(85, 128, 49)
(173, 194, 161)
(114, 137, 93)
(176, 197, 164)
(167, 188, 157)
(90, 125, 69)
(140, 165, 126)
(182, 192, 167)
(129, 157, 108)
(171, 192, 153)
(109, 135, 88)
(170, 193, 149)
(100, 126, 81)
(171, 193, 154)
(94, 130, 66)
(82, 128, 38)
(144, 170, 123)
(84, 125, 49)
(95, 129, 69)
(174, 192, 154)
(121, 148, 103)
(84, 126, 50)
(138, 163, 123)
(82, 123, 44)
(91, 128, 61)
(172, 198, 153)
(179, 199, 164)
(147, 170, 124)
(89, 125, 55)
(86, 130, 53)
(179, 195, 166)
(142, 168, 120)
(117, 143, 96)
(167, 191, 157)
(85, 127, 51)
(169, 192, 150)
(176, 193, 161)
(173, 186, 160)
(152, 177, 135)
(126, 153, 108)
(106, 132, 84)
(158, 183, 143)
(95, 131, 69)
(145, 171, 126)
(138, 162, 112)
(93, 128, 70)
(171, 196, 154)
(163, 191, 142)
(161, 183, 145)
(136, 163, 120)
(110, 139, 93)
(162, 187, 147)
(96, 131, 73)
(80, 123, 41)
(87, 127, 57)
(164, 188, 140)
(92, 120, 71)
(157, 189, 139)
(84, 124, 51)
(80, 126, 51)
(128, 153, 114)
(174, 199, 160)
(83, 129, 54)
(167, 190, 146)
(90, 127, 58)
(94, 124, 74)
(116, 155, 92)
(123, 161, 100)
(82, 123, 47)
(170, 189, 159)
(98, 128, 78)
(172, 190, 152)
(169, 195, 150)
(176, 196, 161)
(78, 125, 44)
(172, 193, 162)
(97, 125, 76)
(81, 130, 39)
(86, 125, 62)
(149, 169, 132)
(162, 189, 146)
(154, 184, 134)
(87, 130, 58)
(168, 187, 155)
(88, 129, 61)
(109, 138, 92)
(115, 140, 98)
(105, 136, 77)
(145, 168, 124)
(163, 187, 139)
(108, 134, 89)
(96, 126, 74)
(94, 124, 64)
(141, 169, 120)
(90, 130, 59)
(166, 194, 143)
(121, 147, 100)
(105, 131, 83)
(89, 131, 55)
(171, 190, 162)
(173, 196, 154)
(94, 127, 74)
(82, 125, 46)
(83, 125, 51)
(171, 191, 163)
(82, 126, 47)
(87, 122, 66)
(172, 193, 152)
(179, 194, 163)
(124, 147, 101)
(82, 122, 49)
(149, 171, 132)
(142, 170, 122)
(165, 187, 148)
(92, 131, 66)
(169, 194, 152)
(95, 130, 66)
(171, 194, 150)
(94, 131, 62)
(151, 176, 136)
(177, 192, 159)
(103, 131, 80)
(96, 130, 70)
(88, 125, 58)
(170, 195, 155)
(92, 119, 68)
(174, 190, 154)
(83, 127, 50)
(112, 137, 95)
(104, 132, 83)
(173, 195, 156)
(105, 131, 86)
(136, 171, 115)
(86, 128, 52)
(151, 180, 124)
(119, 154, 90)
(93, 130, 63)
(142, 169, 124)
(107, 133, 85)
(79, 123, 44)
(159, 184, 144)
(82, 121, 56)
(169, 190, 149)
(172, 188, 161)
(80, 128, 44)
(144, 170, 122)
(95, 129, 68)
(119, 145, 98)
(88, 128, 58)
(161, 188, 147)
(77, 126, 34)
(84, 127, 45)
(110, 136, 91)
(122, 158, 97)
(178, 195, 163)
(111, 141, 87)
(92, 118, 71)
(179, 200, 159)
(102, 123, 80)
(98, 129, 69)
(95, 125, 75)
(148, 173, 133)
(110, 147, 78)
(173, 198, 156)
(147, 174, 129)
(165, 193, 144)
(94, 122, 74)
(164, 189, 149)
(83, 124, 48)
(173, 191, 153)
(146, 171, 129)
(78, 127, 36)
(78, 126, 40)
(89, 130, 60)
(107, 135, 84)
(79, 126, 45)
(172, 187, 156)
(149, 170, 129)
(173, 194, 163)
(176, 197, 166)
(168, 194, 146)
(118, 157, 94)
(168, 197, 151)
(93, 129, 65)
(81, 127, 37)
(149, 174, 135)
(143, 169, 122)
(100, 125, 83)
(169, 188, 156)
(154, 182, 134)
(87, 127, 56)
(170, 193, 151)
(95, 125, 65)
(80, 127, 46)
(111, 144, 87)
(153, 179, 132)
(94, 130, 68)
(82, 128, 40)
(144, 170, 125)
(94, 122, 64)
(84, 126, 52)
(82, 131, 50)
(131, 154, 110)
(146, 173, 128)
(111, 140, 94)
(164, 188, 152)
(173, 194, 153)
(98, 129, 72)
(83, 123, 50)
(111, 136, 96)
(98, 124, 79)
(124, 149, 107)
(91, 119, 71)
(85, 127, 53)
(103, 133, 73)
(92, 128, 64)
(140, 168, 128)
(115, 141, 93)
(105, 136, 76)
(171, 196, 156)
(171, 188, 152)
(162, 179, 145)
(80, 123, 43)
(84, 128, 51)
(174, 195, 156)
(148, 171, 129)
(95, 127, 78)
(82, 127, 42)
(84, 124, 53)
(105, 133, 84)
(174, 196, 157)
(150, 172, 123)
(165, 192, 141)
(77, 124, 43)
(173, 193, 156)
(90, 127, 60)
(172, 197, 157)
(104, 130, 82)
(91, 118, 65)
(176, 195, 163)
(107, 137, 87)
(99, 132, 75)
(143, 167, 119)
(135, 162, 107)
(174, 184, 160)
(86, 129, 57)
(114, 139, 97)
(106, 134, 85)
(152, 181, 133)
(93, 123, 69)
(96, 130, 69)
(135, 158, 114)
(168, 187, 157)
(93, 119, 71)
(162, 182, 145)
(80, 129, 48)
(115, 140, 100)
(96, 126, 76)
(174, 194, 159)
(88, 121, 64)
(130, 156, 109)
(148, 175, 130)
(139, 174, 120)
(95, 123, 75)
(173, 189, 153)
(82, 126, 49)
(94, 120, 73)
(132, 166, 106)
(172, 193, 154)
(144, 175, 115)
(168, 191, 145)
(175, 192, 156)
(119, 158, 95)
(132, 157, 115)
(92, 123, 64)
(169, 194, 154)
(80, 129, 38)
(155, 178, 136)
(96, 129, 72)
(115, 143, 95)
(134, 158, 108)
(171, 194, 152)
(96, 126, 66)
(160, 185, 145)
(94, 131, 64)
(92, 118, 70)
(119, 147, 99)
(141, 164, 118)
(96, 125, 79)
(83, 127, 52)
(121, 146, 104)
(131, 152, 109)
(97, 128, 68)
(156, 181, 139)
(113, 144, 102)
(97, 123, 75)
(162, 188, 141)
(115, 142, 89)
(90, 118, 67)
(88, 127, 60)
(171, 193, 155)
(96, 125, 69)
(118, 146, 97)
(83, 127, 42)
(119, 145, 100)
(170, 198, 157)
(83, 128, 43)
(170, 190, 153)
(138, 163, 124)
(161, 181, 146)
(87, 120, 65)
(179, 192, 162)
(173, 198, 158)
(173, 190, 154)
(89, 126, 56)
(136, 163, 108)
(91, 119, 70)
(86, 127, 57)
(172, 187, 158)
(131, 151, 116)
(165, 189, 153)
(106, 132, 85)
(158, 183, 144)
(97, 123, 78)
(93, 129, 67)
(81, 127, 39)
(143, 169, 124)
(109, 134, 92)
(82, 132, 35)
(100, 125, 85)
(169, 188, 158)
(82, 131, 39)
(95, 124, 66)
(92, 120, 72)
(153, 179, 134)
(128, 151, 105)
(150, 176, 128)
(109, 146, 79)
(84, 126, 54)
(89, 124, 58)
(157, 178, 139)
(131, 154, 112)
(165, 188, 142)
(95, 121, 74)
(173, 194, 155)
(147, 170, 128)
(92, 132, 59)
(106, 140, 79)
(79, 128, 46)
(167, 186, 154)
(114, 140, 92)
(97, 125, 77)
(133, 158, 116)
(85, 127, 55)
(92, 128, 66)
(86, 123, 53)
(116, 144, 96)
(81, 125, 46)
(178, 193, 162)
(170, 188, 150)
(177, 194, 158)
(93, 128, 74)
(180, 197, 161)
(103, 129, 82)
(164, 187, 143)
(171, 188, 154)
(103, 128, 86)
(94, 125, 66)
(84, 128, 53)
(96, 122, 77)
(98, 131, 74)
(79, 128, 36)
(94, 120, 72)
(157, 182, 140)
(131, 158, 113)
(173, 193, 158)
(113, 139, 91)
(150, 175, 135)
(91, 118, 67)
(168, 195, 150)
(92, 123, 63)
(79, 128, 49)
(92, 127, 69)
(152, 172, 135)
(119, 147, 98)
(134, 162, 113)
(129, 155, 108)
(93, 123, 71)
(161, 182, 143)
(80, 125, 44)
(170, 195, 156)
(164, 190, 143)
(171, 191, 154)
(163, 186, 142)
(138, 166, 117)
(157, 192, 138)
(82, 130, 44)
(163, 189, 152)
(133, 160, 105)
(130, 156, 111)
(104, 132, 84)
(173, 195, 157)
(98, 127, 71)
(80, 121, 51)
(174, 191, 155)
(164, 186, 150)
(89, 131, 59)
(165, 191, 146)
(140, 163, 117)
(86, 129, 49)
(122, 147, 107)
(101, 126, 84)
(172, 192, 155)
(91, 121, 67)
(139, 167, 118)
(82, 126, 51)
(94, 120, 75)
(129, 163, 103)
(81, 128, 36)
(85, 125, 52)
(124, 147, 105)
(108, 137, 81)
(128, 167, 104)
(91, 117, 69)
(168, 191, 147)
(175, 192, 158)
(159, 184, 145)
(169, 198, 154)
(90, 122, 72)
(132, 157, 117)
(97, 120, 76)
(111, 146, 82)
(80, 129, 40)
(134, 157, 115)
(105, 135, 75)
(163, 189, 142)
(135, 157, 118)
(128, 156, 108)
(87, 126, 59)
(171, 187, 151)
(148, 173, 134)
(167, 188, 147)
(96, 125, 81)
(102, 127, 87)
(90, 125, 59)
(164, 189, 150)
(167, 192, 153)
(108, 145, 75)
(130, 155, 113)
(152, 183, 124)
(79, 126, 46)
(159, 179, 142)
(84, 134, 39)
(168, 194, 147)
(172, 191, 163)
(87, 132, 51)
(175, 190, 159)
(111, 148, 81)
(86, 128, 56)
(171, 197, 150)
(99, 127, 76)
(85, 125, 55)
(92, 126, 66)
(103, 130, 79)
(171, 189, 151)
(178, 199, 160)
(88, 127, 62)
(80, 127, 47)
(87, 128, 58)
(171, 193, 157)
(96, 125, 71)
(0, 255, 0)
(151, 171, 136)
(126, 151, 111)
(94, 130, 69)
(95, 126, 67)
(106, 144, 71)
(154, 179, 137)
(128, 155, 110)
(91, 127, 63)
(102, 131, 83)
(82, 132, 47)
(96, 128, 81)
(170, 190, 155)
(95, 121, 73)
(94, 123, 65)
(97, 126, 72)
(173, 190, 156)
(176, 192, 163)
(97, 129, 82)
(116, 144, 95)
(90, 120, 68)
(143, 168, 126)
(158, 179, 140)
(142, 164, 125)
(105, 142, 72)
(158, 180, 141)
(85, 124, 57)
(93, 120, 69)
(171, 196, 157)
(134, 159, 117)
(168, 189, 156)
(87, 124, 55)
(95, 124, 68)
(171, 192, 159)
(96, 124, 73)
(105, 133, 85)
(174, 196, 158)
(179, 195, 159)
(84, 125, 55)
(88, 122, 71)
(91, 127, 66)
(172, 197, 158)
(89, 124, 60)
(140, 168, 119)
(95, 121, 76)
(164, 184, 149)
(173, 197, 163)
(166, 188, 149)
(86, 126, 53)
(97, 130, 73)
(89, 125, 61)
(139, 165, 118)
(132, 156, 104)
(167, 186, 156)
(79, 121, 45)
(132, 159, 114)
(106, 135, 87)
(99, 126, 73)
(168, 189, 146)
(93, 124, 65)
(81, 125, 48)
(160, 188, 140)
(130, 161, 104)
(177, 194, 160)
(171, 195, 159)
(178, 194, 165)
(112, 138, 91)
(174, 192, 150)
(92, 124, 75)
(164, 187, 145)
(171, 188, 156)
(103, 128, 88)
(177, 190, 162)
(94, 125, 68)
(171, 187, 160)
(147, 172, 130)
(166, 191, 149)
(137, 159, 121)
(140, 167, 122)
(89, 128, 61)
(82, 122, 52)
(172, 194, 156)
(87, 115, 66)
(156, 178, 139)
(99, 128, 72)
(99, 132, 79)
(168, 195, 152)
(87, 130, 51)
(90, 119, 65)
(100, 128, 77)
(93, 127, 66)
(175, 196, 163)
(86, 126, 56)
(166, 187, 156)
(169, 194, 155)
(117, 146, 102)
(92, 127, 71)
(81, 128, 48)
(152, 172, 137)
(170, 191, 152)
(93, 123, 73)
(145, 163, 123)
(103, 131, 83)
(170, 192, 153)
(155, 180, 138)
(164, 190, 145)
(171, 191, 156)
(145, 167, 129)
(163, 186, 144)
(101, 129, 78)
(94, 128, 68)
(167, 192, 152)
(113, 141, 93)
(173, 195, 159)
(98, 127, 73)
(174, 191, 157)
(91, 129, 68)
(130, 157, 114)
(174, 187, 159)
(101, 126, 86)
(85, 130, 47)
(172, 192, 157)
(97, 124, 71)
(91, 121, 69)
(85, 125, 54)
(92, 126, 65)
(116, 142, 95)
(108, 137, 83)
(107, 133, 88)
(168, 191, 149)
(175, 192, 160)
(106, 129, 85)
(95, 127, 62)
(95, 126, 66)
(84, 127, 48)
(95, 130, 72)
(80, 124, 49)
(163, 189, 144)
(160, 182, 143)
(115, 135, 100)
(176, 197, 156)
(94, 127, 70)
(167, 188, 149)
(173, 198, 159)
(167, 189, 150)
(90, 126, 62)
(146, 171, 132)
(92, 129, 60)
(98, 126, 75)
(124, 150, 102)
(107, 135, 87)
(117, 144, 99)
(165, 190, 150)
(145, 169, 119)
(168, 194, 149)
(126, 154, 105)
(93, 129, 68)
(175, 190, 161)
(171, 197, 152)
(107, 132, 90)
(99, 127, 78)
(168, 190, 151)
(175, 191, 162)
(81, 131, 46)
(88, 127, 64)
(118, 145, 100)
(81, 123, 47)
(174, 197, 153)
(163, 188, 146)
(122, 149, 104)
(137, 164, 119)
(91, 127, 65)
(170, 189, 161)
(82, 124, 50)
(83, 123, 53)
(113, 136, 92)
(173, 190, 158)
(81, 130, 41)
(169, 196, 153)
(96, 131, 65)
(136, 163, 112)
(176, 192, 165)
(99, 129, 77)
(92, 128, 67)
(86, 123, 54)
(104, 142, 69)
(90, 120, 70)
(143, 168, 128)
(87, 128, 50)
(175, 194, 162)
(168, 193, 151)
(115, 141, 96)
(109, 138, 94)
(112, 138, 90)
(137, 164, 109)
(92, 124, 74)
(177, 198, 165)
(102, 130, 79)
(168, 189, 158)
(93, 121, 72)
(95, 124, 70)
(91, 131, 61)
(171, 192, 161)
(174, 196, 160)
(137, 159, 120)
(139, 171, 122)
(82, 122, 51)
(172, 194, 155)
(165, 188, 146)
(175, 197, 158)
(86, 126, 55)
(89, 125, 63)
(90, 123, 70)
(81, 129, 43)
(142, 167, 127)
(116, 143, 100)
(136, 162, 114)
(125, 149, 101)
(168, 189, 148)
(146, 177, 117)
(94, 129, 63)
(81, 125, 50)
(93, 119, 74)
(94, 128, 67)
(82, 126, 39)
(118, 144, 97)
(83, 126, 44)
(177, 194, 162)
(84, 125, 47)
(157, 185, 136)
(112, 138, 93)
(160, 180, 143)
(80, 122, 48)
(180, 197, 165)
(174, 192, 152)
(97, 129, 64)
(163, 183, 146)
(91, 126, 62)
(167, 194, 153)
(147, 172, 132)
(173, 188, 155)
(86, 129, 50)
(146, 168, 130)
(175, 200, 158)
(166, 191, 151)
(175, 193, 155)
(169, 190, 151)
(176, 191, 162)
(143, 166, 124)
(132, 157, 118)
(126, 152, 105)
(133, 153, 116)
(168, 195, 154)
(175, 196, 165)
(125, 148, 104)
(169, 191, 152)
(100, 128, 79)
(136, 158, 111)
(80, 126, 36)
(84, 127, 47)
(95, 131, 67)
(163, 190, 139)
(145, 170, 128)
(81, 128, 50)
(93, 122, 74)
(92, 118, 73)
(136, 161, 121)
(145, 163, 125)
(173, 199, 154)
(154, 176, 138)
(82, 129, 48)
(97, 132, 64)
(101, 129, 80)
(108, 130, 91)
(146, 171, 131)
(176, 199, 157)
(90, 129, 66)
(91, 125, 64)
(174, 191, 159)
(159, 185, 137)
(97, 128, 71)
(156, 181, 142)
(100, 131, 74)
(100, 130, 78)
(93, 122, 64)
(143, 170, 125)
(116, 142, 97)
(112, 148, 86)
(87, 129, 55)
(89, 123, 72)
(127, 161, 101)
(148, 174, 126)
(153, 180, 135)
(173, 202, 154)
(170, 187, 151)
(146, 174, 126)
(95, 130, 74)
(145, 170, 131)
(108, 133, 91)
(90, 130, 57)
(96, 121, 79)
(79, 129, 42)
(157, 179, 140)
(176, 197, 158)
(166, 192, 153)
(91, 124, 67)
(99, 134, 70)
(175, 198, 154)
(176, 198, 159)
(87, 113, 65)
(89, 126, 59)
(165, 194, 150)
(90, 126, 64)
(114, 142, 94)
(92, 129, 62)
(161, 192, 135)
(86, 124, 49)
(100, 129, 81)
(136, 159, 113)
(97, 122, 80)
(92, 121, 63)
(151, 179, 131)
(78, 122, 47)
(116, 141, 99)
(108, 136, 87)
(177, 199, 160)
(84, 126, 44)
(87, 125, 52)

Circle3:
(143, 170, 213)
(154, 172, 210)
(68, 110, 160)
(156, 173, 203)
(53, 109, 160)
(84, 122, 167)
(106, 143, 195)
(138, 171, 214)
(157, 173, 207)
(129, 162, 207)
(153, 180, 223)
(80, 120, 169)
(146, 174, 214)
(61, 108, 162)
(119, 154, 196)
(67, 111, 158)
(108, 145, 190)
(146, 175, 215)
(58, 102, 151)
(156, 173, 216)
(149, 172, 206)
(55, 106, 159)
(141, 172, 216)
(58, 105, 161)
(57, 99, 149)
(111, 145, 191)
(95, 129, 174)
(93, 129, 181)
(59, 110, 157)
(155, 171, 204)
(152, 172, 207)
(66, 111, 166)
(143, 176, 219)
(155, 174, 214)
(56, 107, 162)
(152, 175, 217)
(57, 106, 165)
(151, 169, 205)
(151, 180, 220)
(53, 108, 162)
(144, 167, 208)
(138, 167, 211)
(61, 111, 162)
(103, 142, 181)
(70, 110, 161)
(89, 125, 173)
(80, 116, 166)
(58, 105, 151)
(158, 173, 204)
(84, 121, 174)
(146, 171, 212)
(54, 105, 158)
(158, 177, 210)
(159, 173, 208)
(54, 109, 165)
(149, 181, 222)
(140, 168, 208)
(105, 138, 181)
(150, 177, 220)
(76, 117, 161)
(75, 113, 160)
(155, 174, 204)
(82, 123, 175)
(147, 173, 224)
(57, 108, 165)
(56, 110, 157)
(76, 110, 158)
(152, 175, 207)
(162, 176, 215)
(56, 109, 161)
(161, 177, 211)
(47, 100, 154)
(57, 109, 166)
(133, 166, 211)
(58, 108, 169)
(143, 172, 216)
(145, 173, 210)
(78, 114, 162)
(59, 102, 155)
(132, 163, 209)
(151, 178, 221)
(164, 177, 212)
(60, 109, 167)
(155, 174, 217)
(153, 171, 211)
(154, 167, 209)
(134, 167, 208)
(81, 117, 169)
(138, 170, 211)
(80, 118, 165)
(153, 172, 212)
(63, 106, 151)
(150, 176, 209)
(148, 176, 216)
(159, 175, 208)
(70, 116, 166)
(108, 146, 191)
(61, 107, 159)
(148, 177, 217)
(159, 179, 214)
(150, 170, 207)
(141, 170, 212)
(55, 108, 162)
(57, 109, 156)
(64, 107, 160)
(158, 176, 212)
(150, 173, 217)
(86, 122, 170)
(139, 171, 212)
(120, 148, 196)
(140, 171, 217)
(60, 108, 156)
(143, 168, 208)
(143, 175, 216)
(60, 101, 153)
(78, 120, 168)
(155, 173, 211)
(69, 111, 161)
(151, 171, 208)
(97, 132, 174)
(107, 141, 186)
(68, 112, 157)
(157, 174, 204)
(143, 171, 218)
(87, 119, 166)
(107, 145, 192)
(53, 106, 158)
(132, 159, 206)
(151, 174, 218)
(68, 108, 159)
(153, 175, 212)
(151, 175, 219)
(148, 171, 212)
(89, 123, 169)
(138, 169, 213)
(112, 145, 186)
(129, 160, 206)
(150, 173, 207)
(54, 107, 161)
(66, 102, 150)
(159, 175, 211)
(112, 148, 196)
(67, 109, 157)
(147, 177, 215)
(58, 100, 150)
(96, 130, 175)
(67, 113, 163)
(95, 127, 174)
(131, 165, 210)
(151, 170, 202)
(149, 176, 221)
(143, 171, 208)
(142, 167, 207)
(94, 142, 190)
(59, 111, 161)
(151, 174, 208)
(61, 109, 149)
(152, 170, 206)
(143, 174, 218)
(98, 135, 179)
(142, 170, 217)
(154, 176, 215)
(56, 105, 161)
(153, 177, 211)
(157, 173, 206)
(126, 153, 196)
(154, 169, 212)
(72, 114, 162)
(155, 176, 219)
(65, 108, 153)
(62, 112, 163)
(74, 107, 152)
(90, 126, 174)
(150, 175, 206)
(71, 114, 167)
(144, 175, 221)
(147, 172, 212)
(112, 141, 183)
(54, 110, 161)
(137, 170, 213)
(150, 182, 223)
(77, 118, 162)
(67, 108, 160)
(75, 118, 163)
(111, 145, 190)
(65, 116, 171)
(93, 137, 184)
(121, 153, 200)
(55, 110, 164)
(158, 174, 208)
(54, 106, 163)
(67, 105, 154)
(130, 163, 208)
(111, 138, 181)
(58, 109, 166)
(140, 169, 213)
(150, 178, 225)
(66, 110, 157)
(130, 164, 209)
(102, 140, 189)
(142, 170, 207)
(60, 107, 153)
(75, 115, 166)
(59, 103, 152)
(78, 119, 165)
(155, 178, 219)
(142, 173, 217)
(161, 175, 210)
(87, 121, 169)
(151, 173, 210)
(135, 165, 203)
(154, 172, 212)
(153, 173, 208)
(145, 174, 214)
(154, 173, 213)
(148, 171, 205)
(157, 170, 204)
(148, 170, 209)
(109, 147, 192)
(157, 173, 209)
(157, 172, 213)
(146, 171, 211)
(128, 163, 205)
(138, 172, 217)
(158, 177, 209)
(58, 101, 152)
(150, 178, 215)
(67, 111, 160)
(112, 150, 199)
(146, 175, 217)
(159, 177, 213)
(55, 106, 161)
(141, 172, 218)
(66, 108, 158)
(120, 154, 200)
(158, 173, 216)
(50, 100, 151)
(66, 119, 173)
(60, 106, 156)
(69, 112, 157)
(152, 172, 209)
(87, 124, 169)
(117, 155, 200)
(155, 174, 216)
(56, 107, 164)
(116, 145, 187)
(78, 118, 167)
(160, 178, 214)
(152, 175, 219)
(69, 109, 160)
(72, 116, 165)
(71, 112, 164)
(125, 161, 211)
(154, 171, 214)
(100, 144, 191)
(157, 176, 209)
(53, 108, 164)
(153, 176, 217)
(148, 180, 221)
(129, 157, 205)
(63, 111, 157)
(61, 111, 164)
(89, 125, 175)
(158, 173, 206)
(128, 162, 207)
(150, 174, 212)
(141, 174, 217)
(55, 105, 164)
(64, 111, 165)
(76, 117, 163)
(150, 177, 222)
(59, 105, 155)
(155, 174, 206)
(56, 99, 150)
(152, 175, 209)
(88, 126, 173)
(113, 144, 188)
(56, 109, 163)
(98, 132, 178)
(155, 177, 216)
(152, 171, 211)
(124, 168, 215)
(154, 182, 219)
(145, 173, 212)
(97, 129, 176)
(160, 174, 211)
(151, 178, 223)
(144, 169, 209)
(61, 102, 154)
(147, 174, 204)
(134, 167, 210)
(108, 142, 187)
(150, 176, 211)
(119, 156, 201)
(63, 107, 154)
(118, 149, 193)
(156, 171, 214)
(48, 98, 149)
(141, 173, 220)
(159, 179, 216)
(64, 117, 171)
(121, 159, 204)
(77, 119, 167)
(54, 104, 163)
(75, 116, 162)
(140, 175, 217)
(85, 122, 167)
(51, 98, 150)
(111, 147, 195)
(85, 123, 168)
(56, 108, 166)
(139, 172, 215)
(133, 161, 209)
(69, 110, 162)
(152, 174, 211)
(100, 128, 168)
(79, 116, 168)
(51, 105, 167)
(155, 173, 213)
(53, 106, 160)
(65, 112, 158)
(119, 150, 196)
(144, 176, 215)
(153, 175, 214)
(140, 163, 197)
(71, 118, 172)
(118, 155, 199)
(92, 119, 162)
(54, 104, 153)
(146, 168, 209)
(136, 169, 222)
(156, 174, 214)
(159, 182, 216)
(141, 166, 206)
(57, 103, 153)
(156, 175, 215)
(67, 109, 159)
(149, 169, 206)
(77, 115, 164)
(101, 133, 180)
(76, 120, 167)
(104, 136, 183)
(60, 111, 158)
(149, 173, 217)
(76, 123, 177)
(79, 119, 168)
(161, 179, 215)
(71, 114, 156)
(100, 127, 170)
(154, 176, 217)
(155, 172, 215)
(68, 121, 175)
(153, 177, 213)
(153, 181, 220)
(154, 177, 218)
(72, 114, 164)
(110, 144, 189)
(89, 126, 171)
(62, 112, 165)
(90, 126, 176)
(92, 129, 174)
(118, 151, 196)
(156, 181, 221)
(96, 133, 178)
(56, 100, 147)
(74, 125, 180)
(77, 118, 164)
(55, 110, 166)
(158, 174, 210)
(155, 171, 205)
(56, 104, 153)
(149, 178, 222)
(96, 129, 180)
(57, 100, 151)
(60, 110, 161)
(59, 106, 160)
(152, 176, 214)
(136, 168, 207)
(151, 177, 210)
(87, 128, 174)
(97, 134, 179)
(98, 130, 177)
(142, 173, 219)
(116, 149, 192)
(107, 140, 185)
(151, 173, 212)
(97, 135, 180)
(145, 170, 210)
(157, 176, 208)
(52, 98, 150)
(153, 173, 210)
(145, 174, 216)
(148, 170, 211)
(109, 147, 194)
(100, 138, 187)
(119, 153, 199)
(157, 172, 215)
(137, 172, 214)
(147, 175, 214)
(122, 150, 190)
(84, 125, 181)
(150, 178, 217)
(67, 119, 166)
(88, 127, 168)
(55, 106, 163)
(79, 118, 161)
(161, 178, 208)
(57, 109, 167)
(140, 173, 216)
(88, 130, 178)
(62, 106, 151)
(60, 106, 158)
(79, 121, 171)
(56, 106, 165)
(145, 169, 213)
(153, 179, 216)
(160, 178, 216)
(70, 106, 154)
(147, 167, 200)
(154, 179, 220)
(156, 177, 208)
(148, 169, 214)
(157, 175, 215)
(58, 104, 154)
(122, 156, 201)
(146, 178, 219)
(95, 128, 173)
(140, 173, 206)
(131, 158, 205)
(104, 141, 186)
(54, 105, 162)
(141, 175, 220)
(96, 128, 177)
(66, 103, 156)
(50, 96, 145)
(56, 106, 155)
(143, 168, 209)
(140, 172, 219)
(59, 105, 157)
(98, 132, 180)
(60, 105, 160)
(71, 112, 156)
(59, 101, 159)
(155, 177, 218)
(136, 163, 206)
(115, 148, 193)
(65, 105, 154)
(99, 140, 186)
(128, 161, 204)
(53, 103, 162)
(55, 101, 150)
(89, 127, 176)
(90, 123, 174)
(150, 165, 204)
(61, 114, 166)
(128, 165, 210)
(150, 176, 213)
(129, 161, 208)
(156, 178, 219)
(55, 104, 160)
(96, 130, 176)
(66, 106, 157)
(57, 105, 154)
(150, 179, 223)
(76, 112, 162)
(77, 119, 169)
(56, 98, 146)
(101, 137, 185)
(131, 165, 211)
(142, 167, 208)
(155, 169, 204)
(56, 102, 152)
(94, 132, 177)
(151, 166, 205)
(62, 105, 148)
(154, 174, 207)
(59, 104, 159)
(136, 165, 205)
(152, 174, 213)
(145, 175, 213)
(87, 129, 179)
(117, 154, 199)
(68, 112, 161)
(135, 166, 210)
(129, 163, 208)
(144, 172, 211)
(57, 96, 139)
(137, 166, 208)
(144, 176, 217)
(93, 126, 171)
(147, 172, 213)
(64, 106, 154)
(65, 113, 161)
(65, 105, 157)
(77, 119, 159)
(93, 127, 172)
(63, 110, 156)
(54, 103, 159)
(54, 106, 164)
(96, 137, 183)
(127, 154, 199)
(56, 104, 152)
(75, 111, 161)
(57, 103, 155)
(156, 175, 217)
(58, 99, 153)
(85, 117, 166)
(86, 124, 173)
(56, 108, 158)
(57, 104, 156)
(60, 100, 151)
(60, 103, 156)
(57, 107, 166)
(49, 102, 154)
(132, 166, 203)
(117, 149, 196)
(154, 180, 217)
(116, 153, 197)
(154, 170, 203)
(134, 165, 209)
(52, 102, 155)
(62, 111, 167)
(125, 156, 202)
(144, 171, 214)
(72, 113, 165)
(157, 170, 205)
(153, 177, 215)
(55, 99, 146)
(128, 153, 193)
(119, 153, 198)
(54, 106, 154)
(63, 105, 153)
(108, 144, 192)
(128, 155, 202)
(54, 96, 146)
(55, 103, 152)
(92, 126, 171)
(74, 118, 165)
(141, 169, 209)
(127, 160, 205)
(149, 171, 208)
(147, 171, 215)
(158, 178, 211)
(63, 109, 159)
(105, 142, 187)
(146, 179, 224)
(56, 100, 149)
(102, 135, 186)
(57, 107, 156)
(66, 109, 160)
(96, 129, 182)
(132, 164, 205)
(60, 110, 163)
(59, 106, 162)
(124, 151, 196)
(53, 101, 149)
(56, 110, 170)
(136, 168, 209)
(107, 139, 186)
(148, 174, 207)
(125, 158, 201)
(143, 169, 218)
(53, 104, 159)
(68, 114, 164)
(116, 149, 194)
(153, 183, 221)
(106, 144, 189)
(154, 179, 219)
(61, 105, 150)
(154, 171, 215)
(97, 135, 182)
(53, 108, 165)
(153, 176, 218)
(147, 171, 205)
(154, 183, 225)
(116, 152, 204)
(52, 101, 157)
(61, 103, 161)
(103, 134, 180)
(54, 102, 151)
(58, 108, 159)
(121, 153, 194)
(67, 107, 158)
(131, 159, 199)
(156, 177, 220)
(76, 114, 159)
(59, 106, 152)
(155, 174, 207)
(95, 133, 178)
(152, 167, 206)
(152, 178, 215)
(155, 175, 208)
(59, 109, 162)
(57, 109, 169)
(51, 104, 156)
(140, 173, 218)
(62, 106, 153)
(59, 110, 163)
(145, 173, 213)
(56, 106, 167)
(62, 110, 159)
(91, 128, 172)
(136, 167, 211)
(144, 169, 210)
(87, 127, 178)
(154, 178, 222)
(157, 171, 206)
(156, 176, 209)
(65, 107, 155)
(128, 165, 209)
(61, 106, 161)
(67, 110, 153)
(150, 169, 209)
(147, 170, 212)
(64, 104, 153)
(57, 105, 153)
(63, 100, 152)
(58, 104, 156)
(158, 172, 209)
(57, 109, 159)
(58, 105, 157)
(103, 144, 196)
(56, 102, 151)
(150, 176, 225)
(96, 128, 179)
(133, 162, 206)
(151, 175, 209)
(56, 106, 157)
(50, 103, 155)
(75, 121, 170)
(154, 178, 212)
(85, 127, 175)
(117, 154, 198)
(59, 108, 164)
(153, 172, 205)
(148, 168, 205)
(68, 105, 157)
(145, 172, 215)
(87, 123, 175)
(97, 129, 180)
(52, 103, 160)
(129, 156, 203)
(65, 105, 156)
(156, 172, 206)
(147, 176, 218)
(64, 110, 159)
(150, 172, 209)
(148, 172, 216)
(102, 137, 179)
(159, 174, 213)
(90, 123, 176)
(63, 103, 152)
(64, 113, 169)
(101, 134, 177)
(55, 104, 162)
(96, 130, 178)
(58, 103, 158)
(66, 114, 163)
(141, 173, 224)
(114, 147, 188)
(142, 174, 213)
(57, 108, 161)
(133, 165, 206)
(104, 145, 189)
(143, 171, 211)
(59, 101, 151)
(66, 107, 159)
(62, 105, 150)
(154, 174, 209)
(136, 165, 207)
(53, 99, 148)
(155, 180, 220)
(155, 172, 216)
(68, 111, 162)
(100, 131, 177)
(153, 181, 221)
(147, 176, 208)
(154, 177, 219)
(71, 111, 160)
(146, 172, 207)
(119, 144, 185)
(81, 117, 165)
(53, 102, 158)
(61, 108, 164)
(55, 103, 151)
(141, 169, 208)
(153, 174, 217)
(63, 109, 158)
(151, 174, 224)
(137, 166, 210)
(99, 139, 190)
(73, 115, 163)
(150, 168, 206)
(64, 106, 156)
(102, 136, 181)
(89, 131, 179)
(121, 159, 198)
(63, 112, 168)
(138, 166, 214)
(105, 146, 192)
(127, 154, 201)
(94, 131, 173)
(143, 166, 207)
(142, 170, 210)
(154, 173, 203)
(139, 163, 209)
(133, 164, 208)
(142, 171, 211)
(151, 169, 207)
(124, 155, 201)
(152, 169, 212)
(68, 114, 163)
(124, 166, 216)
(61, 108, 154)
(145, 170, 211)
(107, 143, 191)
(81, 119, 164)
(115, 146, 192)
(126, 159, 204)
(154, 173, 216)
(62, 107, 162)
(134, 165, 211)
(166, 179, 214)
(144, 171, 216)
(64, 108, 155)
(61, 112, 165)
(54, 106, 156)
(147, 175, 215)
(63, 105, 155)
(82, 120, 167)
(65, 108, 159)
(159, 173, 210)
(150, 178, 218)
(55, 102, 158)
(149, 171, 210)
(56, 107, 154)
(54, 110, 167)
(158, 170, 208)
(111, 144, 195)
(150, 171, 214)
(57, 107, 158)
(75, 118, 169)
(155, 179, 213)
(60, 104, 149)
(139, 170, 216)
(142, 169, 212)
(62, 110, 158)
(161, 174, 216)
(154, 173, 206)
(60, 107, 159)
(70, 102, 149)
(145, 177, 218)
(72, 113, 157)
(70, 113, 158)
(106, 140, 185)
(56, 110, 172)
(116, 148, 195)
(153, 169, 203)
(49, 101, 158)
(62, 100, 149)
(125, 158, 203)
(53, 104, 161)
(153, 172, 214)
(52, 105, 157)
(148, 166, 204)
(55, 105, 154)
(53, 105, 162)
(148, 177, 219)
(153, 176, 220)
(119, 152, 203)
(63, 111, 160)
(156, 170, 205)
(127, 155, 203)
(147, 174, 217)
(58, 108, 161)
(158, 176, 214)
(152, 171, 201)
(130, 163, 204)
(141, 175, 221)
(58, 109, 162)
(140, 169, 209)
(76, 114, 161)
(149, 168, 208)
(161, 174, 206)
(66, 112, 162)
(60, 107, 149)
(104, 142, 187)
(152, 167, 208)
(155, 175, 210)
(153, 172, 204)
(71, 115, 162)
(62, 106, 155)
(68, 116, 165)
(59, 110, 165)
(69, 112, 163)
(49, 104, 158)
(153, 176, 210)
(151, 176, 217)
(151, 175, 221)
(145, 176, 220)
(100, 137, 181)
(134, 163, 207)
(144, 166, 207)
(110, 143, 186)
(156, 172, 205)
(61, 103, 153)
(115, 149, 195)
(157, 171, 208)
(106, 140, 188)
(154, 175, 218)
(152, 175, 225)
(55, 101, 151)
(128, 162, 200)
(64, 107, 152)
(74, 116, 164)
(93, 131, 176)
(119, 155, 203)
(156, 176, 211)
(65, 107, 157)
(147, 167, 204)
(102, 141, 184)
(93, 128, 170)
(103, 137, 182)
(146, 173, 216)
(150, 169, 211)
(73, 113, 162)
(85, 119, 165)
(58, 105, 159)
(158, 173, 212)
(152, 171, 204)
(152, 170, 208)
(151, 175, 211)
(76, 117, 169)
(62, 98, 146)
(56, 105, 163)
(62, 109, 155)
(72, 115, 160)
(163, 176, 211)
(123, 157, 202)
(51, 103, 160)
(157, 182, 213)
(60, 105, 164)
(144, 172, 212)
(154, 181, 224)
(145, 172, 217)
(119, 148, 190)
(100, 133, 178)
(65, 109, 156)
(70, 108, 157)
(136, 163, 210)
(144, 173, 213)
(54, 100, 150)
(62, 108, 167)
(83, 121, 168)
(146, 166, 203)
(74, 112, 161)
(93, 127, 173)
(137, 170, 215)
(156, 172, 208)
(147, 176, 220)
(150, 172, 211)
(103, 144, 188)
(159, 174, 215)
(63, 103, 154)
(112, 146, 192)
(63, 106, 159)
(66, 110, 159)
(107, 137, 175)
(58, 103, 160)
(158, 171, 213)
(142, 174, 215)
(57, 108, 163)
(56, 109, 159)
(95, 145, 196)
(75, 116, 168)
(114, 151, 196)
(136, 162, 199)
(152, 181, 221)
(97, 136, 175)
(71, 114, 159)
(51, 106, 160)
(50, 102, 159)
(154, 174, 211)
(116, 154, 199)
(154, 173, 215)
(61, 113, 160)
(125, 156, 203)
(147, 176, 210)
(154, 177, 221)
(148, 172, 208)
(153, 170, 213)
(80, 118, 163)
(156, 175, 208)
(52, 107, 163)
(92, 126, 172)
(148, 175, 218)
(64, 105, 157)
(146, 175, 219)
(147, 169, 206)
(159, 178, 211)
(159, 177, 215)
(73, 115, 165)
(156, 171, 210)
(80, 121, 173)
(150, 168, 208)
(89, 131, 181)
(55, 107, 164)
(57, 110, 162)
(79, 122, 167)
(162, 178, 212)
(48, 101, 155)
(58, 110, 167)
(113, 150, 195)
(133, 164, 210)
(131, 164, 217)
(142, 171, 213)
(151, 169, 209)
(154, 177, 211)
(152, 177, 218)
(51, 102, 157)
(151, 170, 210)
(151, 181, 219)
(62, 104, 154)
(144, 164, 201)
(100, 134, 179)
(72, 110, 159)
(52, 109, 162)
(157, 177, 212)
(55, 95, 144)
(108, 141, 186)
(115, 147, 194)
(64, 108, 157)
(63, 104, 156)
(146, 168, 205)
(149, 176, 206)
(74, 114, 163)
(156, 174, 210)
(147, 178, 222)
(65, 108, 161)
(146, 174, 221)
(159, 173, 212)
(149, 171, 212)
(150, 167, 210)
(158, 178, 215)
(56, 99, 152)
(149, 172, 213)
(94, 130, 178)
(154, 179, 210)
(114, 152, 197)
(155, 179, 215)
(124, 158, 203)
(151, 176, 216)
(133, 160, 207)
(68, 109, 161)
(91, 128, 173)
(60, 107, 161)
(129, 158, 198)
(154, 176, 213)
(72, 113, 159)
(71, 109, 158)
(90, 124, 170)
(134, 167, 212)
(148, 174, 211)
(91, 124, 175)
(52, 108, 165)
(70, 114, 161)
(134, 168, 213)
(106, 144, 193)
(54, 105, 152)
(52, 105, 159)
(55, 105, 156)
(118, 150, 191)
(119, 146, 189)
(74, 120, 169)
(63, 107, 156)
(148, 177, 221)
(146, 177, 221)
(156, 183, 226)
(140, 165, 205)
(75, 118, 161)
(158, 176, 216)
(152, 171, 203)
(111, 148, 193)
(75, 117, 165)
(149, 178, 218)
(85, 123, 170)
(58, 109, 164)
(158, 177, 217)
(155, 181, 214)
(76, 114, 163)
(160, 174, 203)
(140, 168, 215)
(161, 174, 208)
(117, 152, 190)
(87, 116, 160)
(79, 117, 166)
(62, 102, 151)
(142, 176, 221)
(155, 175, 212)
(62, 113, 160)
(65, 110, 151)
(144, 174, 208)
(59, 110, 167)
(81, 118, 163)
(129, 154, 195)
(153, 175, 216)
(92, 120, 160)
(145, 176, 222)
(119, 152, 195)
(54, 104, 155)
(52, 104, 162)
(148, 173, 213)
(135, 168, 211)
(64, 110, 160)
(91, 130, 185)
(65, 106, 158)
(154, 175, 220)
(148, 170, 207)
(146, 170, 208)
(55, 101, 153)
(156, 176, 213)
(80, 126, 176)
(157, 172, 211)
(118, 156, 201)
(82, 122, 171)
(122, 153, 197)
(86, 126, 175)
(149, 174, 215)
(124, 148, 196)
(95, 128, 179)
(77, 120, 173)
(149, 173, 219)
(152, 173, 216)
(152, 170, 210)
(151, 175, 213)
(91, 129, 174)
(163, 173, 208)
(153, 179, 212)
(136, 169, 214)
(151, 179, 219)
(99, 136, 181)
(72, 116, 163)
(136, 170, 215)
(156, 175, 207)
(65, 109, 158)
(159, 178, 210)
(144, 173, 215)
(150, 177, 207)
(156, 179, 213)
(92, 130, 177)
(157, 175, 211)
(83, 121, 170)
(148, 179, 223)
(122, 155, 196)
(157, 181, 227)
(61, 110, 166)
(150, 172, 213)
(121, 152, 196)
(162, 178, 211)
(149, 173, 209)
(121, 155, 201)
(149, 177, 216)
(150, 173, 214)
(69, 107, 152)
(152, 177, 217)
(151, 173, 214)
(160, 180, 217)
(59, 111, 168)
(91, 125, 171)
(151, 174, 215)
(154, 170, 206)
(51, 106, 162)
(61, 101, 152)
(145, 174, 218)
(53, 109, 166)
(116, 154, 201)
(164, 179, 222)
(148, 172, 210)
(153, 178, 219)
(115, 151, 199)
(89, 127, 172)
(83, 124, 170)
(148, 175, 220)
(93, 126, 177)
(130, 157, 200)
(150, 179, 219)
(158, 182, 220)
(56, 103, 157)
(57, 110, 164)
(162, 175, 209)
(162, 178, 214)
(59, 111, 158)
(145, 174, 208)
(0, 255, 0)
(160, 178, 218)
(116, 160, 207)
(91, 132, 178)
(129, 162, 203)
(62, 103, 155)
(153, 178, 209)
(151, 170, 212)
(125, 159, 205)
(109, 143, 188)
(81, 119, 168)
(53, 105, 163)
(65, 111, 161)
(157, 177, 214)
(52, 102, 161)
(153, 177, 221)
(63, 104, 158)
(83, 123, 172)
(146, 168, 207)
(148, 174, 223)
(149, 175, 212)
(156, 174, 212)
(92, 125, 176)
(141, 176, 218)
(139, 162, 203)
(159, 176, 219)
(150, 175, 216)
(58, 113, 169)
(158, 181, 222)
(114, 148, 193)
(66, 116, 169)
(59, 107, 155)
(154, 168, 203)
(69, 113, 160)
(155, 179, 217)
(72, 112, 161)
(142, 169, 216)
(50, 104, 164)
(132, 164, 211)
(138, 167, 207)
(72, 124, 171)
(60, 107, 163)
(129, 158, 200)
(52, 102, 151)
(61, 112, 159)
(61, 104, 155)
(64, 101, 146)
(103, 137, 183)
(55, 105, 158)
(63, 115, 162)
(157, 176, 216)
(80, 123, 178)
(102, 134, 181)
(120, 153, 196)
(75, 114, 157)
(127, 163, 211)
(149, 174, 214)
(56, 102, 154)
(150, 173, 223)
(75, 117, 167)
(69, 112, 154)
(149, 178, 220)
(60, 110, 159)
(87, 124, 166)
(117, 152, 192)
(152, 174, 215)
(50, 106, 163)
(59, 106, 158)
(151, 179, 218)
(153, 171, 207)
(53, 103, 154)
(152, 175, 216)
(114, 148, 196)
(88, 129, 185)
(72, 108, 158)
(59, 109, 168)
(151, 172, 215)
(97, 133, 181)
(115, 152, 196)
(68, 105, 160)
(60, 106, 166)
(150, 169, 202)
(65, 103, 150)
(90, 128, 173)
(147, 173, 210)
(126, 158, 205)
(144, 177, 220)
(99, 130, 177)
(54, 104, 157)
(127, 152, 192)
(121, 155, 200)
(93, 131, 180)
(74, 127, 177)
(131, 162, 206)
(57, 104, 158)
(76, 128, 175)
(158, 180, 219)
(88, 129, 175)
(59, 109, 158)
(116, 143, 186)
(95, 128, 181)
(161, 179, 219)
(56, 113, 166)
(62, 108, 158)
(91, 129, 176)
(61, 113, 161)
(164, 180, 216)
(145, 178, 223)
(153, 179, 214)
(109, 141, 188)
(153, 178, 218)
(74, 116, 158)
(145, 171, 220)
(52, 107, 164)
(148, 176, 215)
(74, 118, 167)
(128, 157, 201)
(153, 182, 224)
(108, 143, 185)
(144, 173, 217)
(93, 134, 180)
(157, 175, 213)
(140, 163, 204)
(148, 179, 225)
(127, 161, 207)
(133, 157, 195)
(55, 107, 165)
(130, 161, 205)
(58, 107, 163)
(149, 173, 211)
(159, 182, 223)
(121, 155, 203)
(104, 140, 188)
(69, 107, 154)
(123, 156, 201)
(94, 127, 178)
(154, 169, 208)
(87, 130, 175)
(61, 105, 152)
(123, 159, 211)
(107, 151, 198)
(100, 134, 180)
(61, 109, 158)
(62, 105, 156)
(103, 131, 171)
(135, 169, 215)
(52, 103, 156)
(92, 133, 179)
(66, 109, 152)
(58, 110, 158)
(89, 127, 174)
(102, 139, 184)
(121, 154, 197)
(158, 175, 205)
(156, 178, 217)
(149, 179, 217)
(102, 140, 185)
(150, 175, 215)
(149, 172, 214)
(66, 106, 155)
(150, 179, 221)
(56, 103, 159)
(59, 99, 150)
(149, 175, 224)
(142, 166, 210)
(124, 158, 204)
(94, 134, 185)
(154, 172, 208)
(68, 110, 158)
(154, 183, 217)
(97, 131, 176)
(152, 184, 225)
(129, 162, 205)
(61, 108, 160)
(53, 105, 165)
(65, 111, 163)
(58, 102, 149)
(63, 101, 150)
(159, 169, 205)
(149, 172, 204)
(58, 106, 155)
(153, 177, 223)
(86, 119, 164)
(102, 138, 186)
(150, 174, 218)
(158, 174, 207)
(151, 176, 207)
(113, 138, 179)
(75, 111, 159)
(152, 172, 205)
(56, 106, 159)
(161, 174, 209)
(139, 173, 219)
(56, 107, 160)
(160, 179, 211)
(60, 103, 154)
(78, 122, 169)
(53, 105, 155)
(154, 180, 215)
(50, 104, 166)
(153, 165, 203)
(160, 175, 218)
(148, 173, 214)
(70, 110, 159)
(158, 173, 202)
(150, 174, 208)
(54, 109, 163)
(82, 130, 176)
(61, 107, 167)
(140, 172, 213)
(66, 104, 151)
(111, 143, 190)
(147, 173, 222)
(76, 110, 156)
(101, 139, 186)
(120, 154, 199)
(152, 168, 202)
(48, 100, 157)
(58, 108, 167)
(143, 172, 214)
(60, 106, 155)
(94, 132, 181)
(155, 170, 209)
(155, 181, 218)
(107, 138, 184)
(98, 125, 170)
(59, 102, 153)
(132, 163, 207)
(60, 109, 165)
(97, 130, 173)
(148, 173, 204)
(151, 168, 211)
(53, 103, 156)
(153, 171, 209)
(51, 103, 163)
(129, 161, 202)
(61, 107, 157)
(115, 145, 195)
(53, 107, 167)
(90, 128, 175)
(135, 167, 214)
(153, 186, 229)
(63, 113, 166)
(150, 170, 205)
(55, 108, 160)
(144, 177, 222)
(57, 101, 150)
(66, 107, 151)
(64, 107, 158)
(58, 108, 157)
(149, 177, 217)
(150, 173, 215)
(67, 107, 156)
(75, 109, 155)
(67, 110, 161)
(111, 139, 187)
(59, 105, 154)
(98, 131, 176)
(155, 173, 209)
(69, 111, 159)
(151, 171, 206)
(58, 104, 164)
(60, 102, 152)
(59, 109, 160)
(78, 121, 166)
(69, 114, 169)
(151, 174, 216)
(68, 108, 157)
(62, 108, 160)
(62, 109, 161)
(146, 169, 201)
(80, 114, 160)
(144, 168, 212)
(83, 125, 167)
(129, 160, 204)
(83, 117, 163)
(137, 171, 209)
(99, 133, 179)
(54, 107, 159)
(159, 175, 209)
(153, 182, 226)
(102, 130, 170)
(121, 158, 202)
(131, 164, 207)
(152, 177, 208)
(158, 172, 207)
(57, 107, 160)
(149, 176, 219)
(63, 102, 159)
(58, 107, 165)
(60, 104, 151)
(58, 110, 170)
(85, 122, 166)
(59, 111, 159)
(57, 103, 162)
(151, 174, 206)
(60, 108, 157)
(160, 176, 210)
(161, 180, 212)
(56, 108, 165)
(69, 107, 156)
(152, 176, 220)
(143, 167, 213)
(94, 127, 180)
(52, 95, 146)
(125, 160, 202)
(61, 105, 154)
(107, 140, 191)
(65, 108, 151)
(144, 175, 219)
(62, 105, 158)
(53, 109, 170)
(112, 141, 181)
(97, 128, 182)
(148, 171, 213)
(58, 106, 154)
(55, 107, 157)
(147, 176, 216)
(66, 109, 154)
(58, 110, 160)
(73, 119, 169)
(121, 154, 199)
(140, 169, 211)
(111, 149, 194)
(101, 132, 178)
(149, 168, 210)
(159, 176, 220)
(51, 101, 150)
(75, 115, 164)
(152, 176, 210)
(130, 157, 204)
(104, 133, 177)
(149, 172, 216)
(95, 133, 182)
(57, 106, 162)
(123, 148, 189)
(154, 169, 200)
(59, 107, 156)
(151, 170, 203)

Circle4:
(210, 152, 213)
(213, 152, 211)
(206, 158, 208)
(200, 140, 194)
(157, 76, 153)
(209, 161, 211)
(152, 86, 150)
(196, 140, 201)
(200, 152, 204)
(208, 154, 203)
(199, 153, 200)
(180, 114, 176)
(171, 105, 169)
(206, 155, 211)
(196, 130, 192)
(181, 111, 174)
(155, 78, 148)
(183, 114, 177)
(162, 83, 164)
(174, 105, 170)
(192, 143, 198)
(198, 134, 195)
(177, 92, 173)
(202, 149, 203)
(218, 157, 216)
(189, 109, 180)
(171, 90, 166)
(164, 81, 151)
(197, 159, 200)
(204, 160, 211)
(193, 132, 192)
(163, 77, 150)
(153, 80, 149)
(193, 131, 196)
(148, 76, 149)
(175, 113, 176)
(205, 113, 196)
(176, 101, 170)
(213, 154, 210)
(163, 80, 160)
(184, 115, 180)
(159, 87, 151)
(207, 161, 208)
(211, 155, 218)
(172, 91, 168)
(200, 154, 203)
(178, 113, 177)
(201, 159, 199)
(171, 107, 168)
(162, 87, 152)
(158, 76, 150)
(205, 154, 210)
(206, 142, 203)
(168, 82, 155)
(168, 101, 168)
(209, 149, 209)
(201, 163, 210)
(208, 154, 206)
(151, 79, 145)
(158, 80, 156)
(202, 160, 208)
(218, 159, 215)
(173, 112, 172)
(174, 108, 170)
(154, 81, 152)
(212, 158, 210)
(153, 82, 148)
(173, 113, 173)
(201, 148, 202)
(211, 154, 207)
(192, 131, 191)
(161, 80, 157)
(155, 81, 156)
(204, 156, 208)
(186, 121, 185)
(150, 80, 143)
(184, 118, 180)
(159, 101, 160)
(203, 153, 206)
(166, 84, 158)
(204, 149, 204)
(194, 136, 195)
(214, 155, 209)
(200, 158, 204)
(205, 157, 205)
(197, 132, 190)
(196, 128, 189)
(159, 78, 154)
(206, 153, 207)
(205, 141, 202)
(198, 159, 204)
(197, 136, 196)
(152, 81, 149)
(215, 156, 212)
(162, 79, 151)
(212, 160, 209)
(199, 139, 199)
(193, 138, 193)
(208, 149, 207)
(206, 133, 206)
(154, 77, 149)
(192, 126, 187)
(182, 110, 173)
(211, 161, 214)
(154, 78, 150)
(176, 111, 177)
(206, 163, 206)
(205, 159, 205)
(203, 159, 212)
(157, 77, 150)
(204, 155, 210)
(210, 146, 207)
(214, 161, 215)
(157, 81, 156)
(211, 138, 207)
(203, 152, 208)
(158, 86, 152)
(159, 82, 150)
(168, 100, 161)
(209, 155, 204)
(207, 147, 207)
(149, 76, 149)
(180, 119, 179)
(177, 112, 178)
(209, 159, 210)
(216, 158, 216)
(169, 99, 169)
(200, 150, 203)
(198, 163, 205)
(171, 102, 167)
(198, 155, 201)
(162, 82, 151)
(152, 77, 146)
(170, 104, 165)
(197, 135, 198)
(201, 157, 208)
(155, 79, 153)
(212, 159, 211)
(202, 154, 206)
(193, 134, 190)
(195, 156, 201)
(179, 109, 179)
(163, 83, 154)
(150, 90, 150)
(151, 77, 154)
(172, 112, 174)
(210, 158, 207)
(157, 81, 146)
(195, 140, 198)
(185, 124, 184)
(206, 159, 203)
(213, 160, 214)
(156, 85, 153)
(207, 155, 201)
(203, 163, 213)
(184, 112, 178)
(157, 92, 160)
(197, 161, 205)
(157, 76, 152)
(196, 157, 204)
(214, 157, 212)
(158, 89, 152)
(206, 163, 209)
(205, 159, 208)
(149, 80, 145)
(165, 79, 152)
(166, 79, 157)
(208, 166, 212)
(207, 143, 204)
(178, 103, 172)
(199, 157, 205)
(208, 156, 204)
(161, 97, 157)
(209, 155, 207)
(152, 80, 146)
(196, 134, 197)
(170, 110, 170)
(206, 148, 206)
(174, 113, 173)
(198, 154, 203)
(155, 82, 153)
(160, 94, 155)
(204, 157, 199)
(154, 83, 149)
(218, 165, 219)
(157, 83, 146)
(201, 153, 205)
(212, 155, 208)
(202, 158, 207)
(198, 138, 200)
(201, 154, 206)
(160, 78, 152)
(210, 164, 213)
(199, 138, 205)
(163, 81, 155)
(207, 161, 207)
(194, 137, 192)
(182, 113, 176)
(157, 87, 157)
(213, 163, 214)
(205, 158, 202)
(176, 105, 175)
(185, 123, 186)
(165, 90, 157)
(214, 160, 212)
(199, 114, 197)
(213, 156, 211)
(200, 163, 207)
(205, 162, 208)
(149, 83, 145)
(147, 75, 148)
(206, 158, 210)
(199, 160, 205)
(162, 91, 157)
(209, 161, 213)
(208, 162, 209)
(151, 87, 148)
(205, 147, 206)
(190, 135, 190)
(158, 80, 155)
(180, 114, 178)
(155, 86, 149)
(209, 153, 214)
(205, 139, 201)
(162, 76, 149)
(152, 79, 148)
(170, 106, 167)
(210, 163, 207)
(161, 81, 152)
(155, 78, 150)
(192, 131, 190)
(212, 162, 215)
(153, 86, 153)
(183, 114, 179)
(170, 82, 160)
(201, 152, 207)
(203, 158, 199)
(167, 107, 167)
(202, 149, 205)
(172, 111, 171)
(203, 154, 201)
(153, 80, 151)
(173, 102, 170)
(184, 122, 185)
(158, 98, 158)
(195, 135, 197)
(185, 119, 183)
(213, 154, 212)
(156, 79, 151)
(186, 115, 181)
(157, 75, 149)
(207, 161, 210)
(159, 87, 153)
(214, 159, 214)
(206, 154, 202)
(213, 155, 213)
(156, 80, 152)
(178, 113, 179)
(206, 157, 212)
(199, 156, 202)
(205, 145, 207)
(158, 76, 152)
(151, 86, 150)
(189, 136, 190)
(204, 159, 202)
(161, 84, 152)
(201, 163, 212)
(202, 160, 210)
(174, 108, 172)
(148, 84, 145)
(154, 81, 154)
(166, 103, 160)
(155, 77, 152)
(208, 146, 209)
(182, 122, 182)
(153, 82, 150)
(152, 78, 155)
(201, 148, 204)
(191, 132, 190)
(186, 125, 185)
(201, 140, 200)
(154, 82, 155)
(211, 154, 209)
(172, 106, 167)
(174, 104, 174)
(207, 160, 204)
(157, 81, 155)
(184, 118, 182)
(207, 164, 210)
(204, 140, 201)
(188, 133, 190)
(183, 98, 179)
(194, 124, 187)
(166, 84, 160)
(165, 85, 156)
(159, 86, 155)
(200, 158, 206)
(187, 118, 183)
(205, 156, 211)
(165, 81, 158)
(171, 111, 171)
(206, 153, 209)
(206, 145, 205)
(202, 160, 200)
(152, 81, 151)
(160, 91, 154)
(159, 82, 162)
(177, 106, 174)
(151, 82, 147)
(179, 118, 178)
(199, 139, 201)
(202, 147, 202)
(154, 84, 154)
(201, 143, 201)
(179, 110, 173)
(163, 86, 158)
(210, 158, 206)
(148, 83, 147)
(153, 78, 147)
(166, 102, 162)
(163, 87, 159)
(173, 93, 164)
(188, 135, 189)
(204, 143, 202)
(148, 75, 148)
(206, 163, 208)
(159, 88, 154)
(205, 156, 201)
(203, 156, 208)
(150, 79, 147)
(214, 161, 217)
(207, 144, 199)
(187, 130, 183)
(169, 103, 164)
(185, 114, 182)
(209, 163, 210)
(152, 83, 150)
(207, 162, 205)
(155, 91, 152)
(206, 140, 201)
(205, 144, 204)
(215, 158, 213)
(209, 159, 212)
(151, 85, 147)
(216, 150, 214)
(161, 86, 155)
(196, 131, 199)
(204, 161, 204)
(154, 87, 154)
(192, 137, 194)
(208, 144, 205)
(211, 152, 206)
(161, 78, 156)
(212, 159, 213)
(202, 162, 212)
(193, 134, 192)
(160, 82, 157)
(191, 133, 191)
(163, 90, 159)
(204, 155, 202)
(173, 96, 164)
(148, 79, 144)
(164, 87, 157)
(159, 99, 159)
(204, 157, 211)
(163, 83, 156)
(153, 77, 149)
(205, 162, 207)
(186, 120, 184)
(157, 80, 152)
(165, 95, 158)
(204, 150, 208)
(200, 111, 195)
(206, 159, 205)
(185, 116, 181)
(207, 155, 203)
(213, 152, 212)
(158, 77, 144)
(197, 158, 202)
(205, 155, 204)
(156, 85, 155)
(159, 84, 151)
(197, 161, 207)
(213, 153, 213)
(172, 85, 163)
(177, 112, 170)
(178, 108, 168)
(162, 95, 162)
(172, 89, 169)
(202, 161, 201)
(178, 111, 178)
(152, 87, 151)
(199, 157, 207)
(161, 89, 155)
(162, 85, 153)
(170, 110, 172)
(219, 160, 218)
(198, 135, 192)
(203, 109, 193)
(155, 82, 155)
(155, 74, 151)
(183, 123, 183)
(204, 157, 201)
(154, 83, 151)
(201, 142, 198)
(201, 161, 211)
(164, 89, 156)
(203, 162, 204)
(212, 155, 210)
(204, 161, 207)
(201, 146, 204)
(160, 78, 154)
(175, 114, 173)
(198, 139, 203)
(163, 81, 157)
(181, 92, 174)
(205, 158, 204)
(204, 146, 205)
(156, 83, 156)
(157, 79, 154)
(210, 148, 211)
(205, 151, 201)
(149, 83, 147)
(199, 156, 201)
(204, 142, 207)
(203, 143, 203)
(171, 100, 166)
(207, 146, 206)
(201, 160, 200)
(199, 160, 207)
(160, 96, 157)
(206, 151, 209)
(208, 162, 211)
(202, 152, 205)
(208, 147, 204)
(192, 135, 190)
(155, 85, 155)
(225, 154, 220)
(210, 163, 209)
(160, 93, 160)
(183, 121, 184)
(201, 140, 199)
(193, 135, 193)
(157, 87, 149)
(203, 158, 201)
(160, 77, 157)
(210, 156, 205)
(202, 138, 198)
(197, 114, 196)
(207, 164, 209)
(203, 145, 203)
(207, 157, 206)
(200, 159, 201)
(165, 89, 161)
(158, 88, 151)
(199, 155, 204)
(156, 80, 154)
(213, 147, 211)
(200, 162, 211)
(171, 96, 163)
(151, 90, 150)
(161, 99, 162)
(179, 118, 177)
(184, 99, 180)
(162, 87, 156)
(181, 121, 181)
(155, 89, 151)
(190, 131, 189)
(208, 161, 213)
(198, 145, 199)
(212, 164, 216)
(161, 84, 154)
(203, 108, 190)
(204, 152, 201)
(157, 93, 154)
(167, 99, 160)
(182, 122, 184)
(153, 82, 152)
(197, 162, 204)
(203, 157, 203)
(153, 83, 153)
(207, 160, 206)
(174, 95, 176)
(197, 155, 201)
(203, 160, 213)
(166, 83, 161)
(159, 90, 155)
(206, 157, 204)
(213, 158, 215)
(203, 142, 201)
(200, 146, 198)
(203, 145, 206)
(197, 139, 197)
(199, 151, 201)
(158, 87, 153)
(200, 158, 208)
(171, 99, 163)
(200, 142, 200)
(206, 152, 210)
(170, 104, 166)
(154, 88, 149)
(198, 148, 199)
(181, 117, 178)
(209, 145, 205)
(162, 86, 158)
(194, 101, 182)
(160, 91, 156)
(163, 91, 154)
(201, 150, 206)
(211, 156, 211)
(161, 82, 161)
(173, 104, 167)
(202, 147, 204)
(154, 84, 156)
(167, 98, 163)
(210, 150, 204)
(165, 95, 157)
(203, 160, 203)
(153, 81, 154)
(169, 109, 169)
(196, 154, 200)
(157, 84, 157)
(156, 86, 149)
(178, 119, 177)
(158, 97, 157)
(157, 85, 158)
(159, 88, 156)
(174, 92, 174)
(205, 156, 203)
(203, 156, 210)
(203, 148, 206)
(184, 117, 186)
(149, 84, 152)
(155, 87, 148)
(208, 156, 205)
(161, 97, 158)
(165, 84, 160)
(160, 102, 161)
(206, 148, 207)
(197, 139, 200)
(209, 148, 205)
(178, 108, 180)
(201, 162, 206)
(160, 94, 156)
(151, 85, 149)
(161, 94, 161)
(215, 151, 212)
(204, 161, 206)
(193, 133, 193)
(190, 117, 188)
(221, 168, 222)
(164, 93, 161)
(211, 152, 208)
(212, 159, 215)
(204, 154, 203)
(195, 145, 196)
(157, 85, 148)
(211, 156, 214)
(163, 93, 166)
(157, 88, 153)
(154, 73, 150)
(174, 92, 164)
(188, 120, 179)
(214, 153, 210)
(166, 90, 162)
(214, 156, 215)
(200, 156, 205)
(158, 96, 159)
(205, 155, 206)
(188, 124, 185)
(159, 84, 153)
(199, 161, 202)
(168, 102, 164)
(211, 141, 211)
(158, 89, 156)
(178, 108, 170)
(206, 151, 208)
(159, 76, 154)
(180, 111, 174)
(162, 95, 164)
(208, 155, 207)
(151, 80, 146)
(206, 155, 214)
(177, 115, 182)
(202, 161, 203)
(152, 87, 153)
(180, 107, 176)
(190, 129, 189)
(162, 85, 155)
(170, 99, 165)
(212, 154, 212)
(163, 93, 156)
(163, 92, 160)
(166, 100, 161)
(204, 157, 203)
(154, 83, 153)
(201, 142, 200)
(193, 129, 190)
(182, 116, 177)
(164, 89, 158)
(203, 162, 206)
(204, 158, 204)
(172, 103, 168)
(182, 120, 183)
(156, 96, 156)
(150, 77, 146)
(197, 160, 203)
(159, 79, 150)
(207, 158, 205)
(206, 154, 203)
(185, 120, 184)
(203, 139, 199)
(205, 151, 203)
(158, 92, 156)
(199, 159, 209)
(168, 98, 161)
(176, 97, 180)
(208, 158, 207)
(200, 140, 200)
(171, 100, 168)
(199, 149, 200)
(162, 80, 152)
(201, 160, 202)
(158, 79, 158)
(162, 91, 161)
(161, 92, 157)
(190, 124, 185)
(212, 157, 212)
(208, 147, 206)
(155, 77, 153)
(202, 144, 202)
(211, 151, 205)
(174, 101, 170)
(163, 88, 157)
(176, 112, 172)
(190, 120, 192)
(160, 77, 159)
(164, 88, 160)
(206, 112, 196)
(166, 100, 164)
(197, 159, 206)
(207, 157, 208)
(169, 100, 165)
(187, 119, 180)
(194, 125, 188)
(165, 81, 159)
(209, 152, 207)
(199, 155, 206)
(198, 156, 202)
(168, 97, 163)
(201, 159, 205)
(201, 156, 199)
(154, 90, 150)
(207, 145, 210)
(202, 156, 203)
(154, 82, 146)
(199, 140, 198)
(162, 90, 163)
(169, 85, 162)
(164, 96, 155)
(202, 155, 207)
(176, 123, 177)
(151, 86, 154)
(199, 133, 195)
(212, 153, 209)
(189, 127, 194)
(146, 80, 144)
(192, 126, 190)
(213, 161, 210)
(155, 76, 155)
(212, 157, 215)
(163, 79, 156)
(167, 102, 168)
(191, 131, 193)
(166, 111, 168)
(192, 127, 191)
(202, 141, 200)
(202, 133, 196)
(202, 144, 205)
(210, 155, 210)
(207, 159, 207)
(164, 84, 157)
(165, 89, 153)
(203, 148, 205)
(159, 78, 147)
(206, 156, 205)
(207, 153, 205)
(205, 152, 204)
(159, 90, 157)
(194, 132, 195)
(168, 108, 168)
(214, 154, 214)
(206, 149, 202)
(156, 75, 152)
(208, 160, 210)
(202, 155, 197)
(209, 156, 208)
(199, 151, 203)
(159, 77, 159)
(179, 113, 175)
(180, 120, 182)
(170, 104, 168)
(201, 155, 202)
(183, 128, 183)
(190, 126, 187)
(169, 84, 165)
(192, 137, 195)
(148, 86, 149)
(189, 131, 190)
(160, 91, 158)
(170, 100, 170)
(174, 99, 166)
(211, 156, 213)
(204, 163, 207)
(164, 97, 166)
(173, 104, 169)
(160, 76, 151)
(210, 157, 209)
(195, 130, 188)
(176, 107, 172)
(157, 97, 157)
(173, 100, 171)
(154, 77, 155)
(192, 123, 188)
(203, 160, 205)
(172, 101, 167)
(157, 74, 146)
(214, 156, 214)
(205, 163, 209)
(207, 155, 204)
(187, 128, 186)
(197, 158, 203)
(188, 124, 184)
(194, 134, 194)
(206, 160, 207)
(200, 161, 206)
(203, 144, 202)
(193, 106, 187)
(158, 81, 151)
(159, 77, 149)
(216, 158, 209)
(159, 88, 158)
(201, 154, 196)
(209, 154, 209)
(180, 115, 179)
(151, 84, 151)
(215, 157, 216)
(199, 150, 205)
(171, 98, 167)
(209, 148, 207)
(198, 147, 203)
(202, 142, 202)
(175, 114, 174)
(176, 118, 176)
(219, 157, 222)
(193, 133, 195)
(176, 110, 172)
(211, 152, 210)
(148, 78, 148)
(212, 148, 208)
(202, 151, 207)
(167, 101, 165)
(172, 107, 173)
(210, 153, 206)
(197, 108, 192)
(204, 154, 205)
(191, 130, 190)
(164, 94, 164)
(163, 90, 163)
(156, 81, 148)
(163, 82, 159)
(183, 101, 173)
(214, 163, 220)
(207, 154, 206)
(204, 139, 203)
(214, 153, 212)
(216, 156, 210)
(200, 156, 207)
(205, 155, 208)
(159, 92, 159)
(149, 76, 145)
(168, 102, 166)
(215, 161, 213)
(169, 98, 164)
(171, 109, 172)
(181, 115, 177)
(155, 83, 147)
(200, 141, 199)
(160, 89, 155)
(208, 155, 209)
(151, 80, 148)
(198, 158, 208)
(202, 161, 205)
(209, 162, 216)
(209, 154, 212)
(199, 138, 198)
(200, 134, 196)
(153, 84, 147)
(167, 103, 164)
(157, 87, 150)
(201, 141, 201)
(161, 74, 152)
(153, 76, 148)
(203, 161, 207)
(191, 125, 186)
(156, 84, 148)
(172, 103, 170)
(204, 150, 202)
(154, 76, 152)
(191, 129, 192)
(165, 105, 165)
(204, 149, 206)
(214, 155, 211)
(169, 108, 168)
(205, 157, 207)
(159, 79, 152)
(216, 159, 210)
(214, 159, 217)
(169, 104, 170)
(188, 127, 187)
(168, 87, 154)
(198, 160, 207)
(202, 156, 202)
(208, 158, 209)
(171, 89, 161)
(199, 149, 202)
(162, 80, 154)
(201, 160, 204)
(158, 79, 160)
(170, 101, 166)
(160, 85, 152)
(217, 160, 213)
(190, 132, 191)
(208, 151, 206)
(189, 128, 188)
(212, 157, 214)
(161, 77, 152)
(154, 78, 152)
(211, 158, 210)
(147, 77, 140)
(201, 137, 198)
(157, 86, 152)
(155, 78, 156)
(203, 157, 204)
(172, 106, 170)
(176, 105, 171)
(191, 125, 189)
(165, 101, 162)
(202, 129, 202)
(159, 82, 152)
(197, 159, 208)
(156, 76, 147)
(213, 158, 216)
(216, 166, 217)
(156, 75, 151)
(187, 126, 185)
(188, 122, 183)
(207, 157, 210)
(159, 94, 162)
(178, 109, 174)
(165, 77, 155)
(206, 158, 206)
(169, 100, 167)
(194, 125, 190)
(202, 159, 202)
(152, 85, 152)
(201, 155, 201)
(190, 126, 186)
(198, 156, 204)
(179, 117, 180)
(209, 145, 206)
(202, 163, 208)
(201, 159, 207)
(189, 123, 185)
(145, 80, 144)
(161, 79, 151)
(163, 91, 155)
(154, 82, 148)
(208, 150, 208)
(176, 115, 175)
(194, 106, 190)
(172, 112, 176)
(157, 82, 149)
(211, 150, 209)
(206, 160, 206)
(202, 133, 198)
(200, 161, 205)
(207, 159, 209)
(156, 79, 147)
(203, 137, 198)
(203, 156, 211)
(176, 85, 165)
(200, 154, 201)
(169, 103, 167)
(206, 156, 207)
(156, 82, 157)
(200, 153, 205)
(205, 152, 206)
(181, 120, 180)
(201, 158, 201)
(182, 99, 181)
(161, 90, 156)
(208, 160, 212)
(209, 156, 210)
(154, 84, 147)
(207, 140, 209)
(201, 162, 207)
(155, 80, 145)
(152, 76, 150)
(200, 139, 199)
(206, 141, 205)
(153, 89, 150)
(202, 159, 205)
(154, 85, 148)
(201, 155, 204)
(168, 84, 162)
(202, 158, 209)
(208, 153, 208)
(151, 78, 147)
(201, 154, 208)
(181, 106, 173)
(198, 140, 199)
(160, 80, 151)
(154, 81, 150)
(173, 111, 174)
(203, 111, 194)
(195, 153, 201)
(182, 113, 178)
(166, 105, 165)
(163, 82, 158)
(161, 82, 165)
(186, 128, 186)
(160, 76, 153)
(210, 157, 211)
(192, 130, 193)
(166, 106, 166)
(156, 90, 152)
(164, 98, 169)
(202, 136, 198)
(213, 149, 210)
(197, 158, 205)
(188, 116, 182)
(197, 142, 197)
(206, 160, 209)
(172, 85, 166)
(162, 101, 160)
(158, 81, 153)
(159, 77, 151)
(206, 152, 204)
(169, 102, 169)
(177, 113, 174)
(155, 83, 146)
(205, 148, 203)
(156, 78, 154)
(158, 82, 154)
(155, 86, 151)
(201, 113, 197)
(206, 147, 211)
(181, 119, 182)
(209, 154, 211)
(152, 79, 150)
(180, 115, 181)
(158, 74, 149)
(161, 81, 154)
(151, 84, 153)
(189, 130, 186)
(201, 158, 204)
(174, 114, 174)
(192, 133, 189)
(162, 78, 153)
(160, 83, 151)
(162, 81, 158)
(157, 91, 155)
(163, 86, 154)
(182, 116, 178)
(204, 158, 205)
(153, 80, 153)
(210, 160, 211)
(173, 102, 172)
(164, 82, 156)
(211, 160, 216)
(176, 110, 174)
(201, 135, 197)
(210, 153, 208)
(204, 154, 207)
(197, 160, 204)
(156, 81, 150)
(157, 77, 148)
(214, 159, 216)
(188, 127, 186)
(187, 132, 189)
(207, 154, 208)
(175, 91, 169)
(158, 85, 154)
(206, 159, 211)
(178, 107, 173)
(152, 83, 146)
(168, 91, 159)
(196, 126, 188)
(180, 118, 181)
(209, 150, 208)
(162, 84, 159)
(180, 111, 178)
(155, 83, 149)
(170, 105, 171)
(160, 89, 157)
(208, 155, 211)
(151, 80, 150)
(209, 151, 209)
(209, 143, 205)
(218, 161, 216)
(154, 79, 146)
(201, 157, 206)
(153, 84, 149)
(202, 153, 208)
(201, 141, 203)
(175, 117, 176)
(211, 147, 208)
(212, 151, 210)
(203, 161, 209)
(210, 156, 208)
(173, 106, 173)
(213, 159, 211)
(156, 84, 150)
(157, 80, 148)
(210, 152, 210)
(207, 165, 213)
(214, 155, 213)
(208, 161, 203)
(150, 77, 150)
(205, 146, 200)
(162, 99, 156)
(205, 157, 209)
(199, 152, 196)
(149, 78, 146)
(150, 78, 151)
(177, 122, 179)
(205, 158, 210)
(169, 104, 172)
(207, 150, 205)
(185, 104, 180)
(206, 146, 208)
(198, 160, 209)
(200, 136, 197)
(190, 120, 183)
(208, 158, 211)
(200, 140, 204)
(179, 110, 175)
(162, 80, 156)
(199, 141, 200)
(160, 85, 154)
(173, 109, 169)
(155, 82, 151)
(153, 87, 149)
(151, 79, 152)
(195, 142, 196)
(161, 77, 154)
(211, 158, 212)
(160, 78, 150)
(166, 95, 161)
(202, 141, 201)
(146, 81, 145)
(182, 111, 177)
(156, 87, 150)
(203, 157, 206)
(188, 137, 193)
(156, 83, 152)
(159, 82, 154)
(193, 101, 184)
(158, 83, 150)
(205, 142, 197)
(169, 107, 172)
(205, 161, 210)
(209, 157, 205)
(159, 83, 155)
(162, 90, 154)
(207, 149, 208)
(200, 139, 198)
(200, 142, 203)
(162, 82, 155)
(202, 159, 204)
(155, 84, 150)
(151, 81, 151)
(179, 117, 182)
(162, 86, 161)
(154, 89, 153)
(201, 159, 209)
(189, 123, 187)
(164, 95, 158)
(161, 79, 153)
(208, 157, 213)
(163, 91, 157)
(173, 105, 166)
(217, 159, 217)
(160, 84, 156)
(212, 152, 212)
(153, 83, 146)
(203, 156, 200)
(164, 87, 159)
(211, 157, 215)
(154, 74, 145)
(203, 160, 206)
(212, 146, 210)
(157, 82, 151)
(163, 76, 154)
(211, 142, 207)
(200, 157, 200)
(150, 83, 150)
(172, 105, 174)
(167, 83, 158)
(207, 159, 211)
(156, 79, 149)
(156, 78, 153)
(187, 121, 183)
(209, 160, 205)
(178, 112, 176)
(159, 81, 156)
(206, 156, 209)
(200, 153, 207)
(197, 136, 193)
(205, 152, 208)
(165, 84, 163)
(201, 158, 203)
(161, 90, 158)
(202, 155, 201)
(209, 156, 212)
(181, 112, 177)
(209, 148, 208)
(162, 81, 157)
(204, 159, 200)
(180, 109, 177)
(154, 85, 150)
(187, 102, 183)
(160, 87, 156)
(202, 158, 211)
(208, 153, 210)
(151, 78, 149)
(198, 137, 196)
(182, 129, 183)
(153, 81, 147)
(203, 155, 203)
(160, 80, 153)
(212, 148, 209)
(202, 151, 208)
(201, 135, 196)
(165, 106, 164)
(213, 153, 205)
(211, 153, 212)
(164, 86, 161)
(204, 144, 198)
(157, 85, 151)
(196, 158, 199)
(210, 157, 213)
(202, 136, 200)
(163, 86, 166)
(157, 81, 153)
(210, 150, 210)
(200, 153, 197)
(177, 116, 173)
(203, 143, 205)
(205, 163, 213)
(199, 158, 200)
(168, 99, 162)
(197, 142, 199)
(200, 157, 203)
(171, 110, 169)
(213, 142, 208)
(158, 78, 149)
(158, 82, 156)
(155, 86, 153)
(190, 128, 191)
(164, 104, 164)
(201, 154, 200)
(152, 79, 152)
(158, 74, 151)
(151, 84, 155)
(189, 130, 188)
(152, 80, 153)
(198, 151, 205)
(162, 78, 155)
(217, 158, 214)
(160, 83, 153)
(188, 105, 187)
(162, 81, 160)
(167, 96, 162)
(204, 158, 207)
(160, 79, 155)
(210, 160, 213)
(166, 90, 155)
(164, 82, 158)
(200, 159, 203)
(157, 84, 153)
(175, 111, 172)
(0, 255, 0)
(204, 145, 209)
(200, 152, 200)
(205, 150, 205)
(188, 119, 184)
(196, 141, 198)
(214, 152, 215)
(198, 161, 204)
(207, 154, 210)
(197, 138, 196)
(180, 115, 173)
(177, 116, 176)
(208, 159, 206)
(152, 80, 143)
(186, 93, 174)
(155, 89, 153)
(152, 83, 148)
(152, 82, 152)
(174, 113, 170)
(161, 84, 156)
(208, 154, 212)
(209, 158, 214)
(190, 125, 189)
(211, 159, 207)
(161, 85, 157)
(183, 119, 180)
(154, 79, 148)
(153, 84, 151)
(184, 123, 180)
(167, 92, 159)
(210, 159, 216)
(156, 91, 155)
(203, 161, 211)
(204, 157, 209)
(157, 80, 150)
(203, 153, 212)
(207, 149, 207)
(187, 127, 187)
(208, 161, 205)
(158, 87, 155)
(205, 146, 202)
(205, 165, 215)
(199, 152, 198)
(196, 137, 195)
(168, 93, 160)
(165, 78, 157)
(169, 93, 165)
(198, 157, 201)
(205, 150, 208)
(180, 114, 175)
(199, 144, 199)
(216, 151, 215)
(162, 79, 157)
(202, 153, 200)
(208, 150, 209)
(204, 156, 204)
(167, 98, 165)
(198, 134, 194)
(153, 87, 151)
(194, 154, 204)
(210, 151, 207)
(211, 158, 214)
(203, 153, 202)
(174, 100, 175)
(166, 95, 163)
(204, 141, 196)
(147, 85, 148)
(157, 86, 156)
(165, 96, 159)
(202, 125, 195)
(200, 106, 190)
(206, 161, 202)
(156, 87, 152)
(185, 119, 180)
(184, 123, 183)
(207, 152, 207)
(157, 78, 157)
(159, 89, 159)
(156, 83, 154)
(150, 80, 152)
(207, 156, 213)
(187, 123, 184)
(158, 83, 152)
(198, 160, 201)
(205, 161, 212)
(205, 142, 199)
(199, 156, 199)
(159, 83, 157)
(162, 90, 156)
(159, 75, 153)
(149, 77, 150)
(169, 89, 162)
(206, 142, 202)
(161, 95, 159)
(152, 82, 145)
(155, 84, 152)
(211, 161, 210)
(201, 144, 195)
(202, 152, 203)
(154, 89, 155)
(164, 95, 160)
(161, 79, 155)
(195, 145, 198)
(211, 153, 211)
(201, 140, 197)
(203, 159, 208)
(160, 84, 158)
(161, 80, 156)
(204, 147, 202)
(203, 156, 202)
(190, 103, 184)
(205, 160, 201)
(194, 135, 193)
(195, 123, 187)
(200, 157, 202)
(216, 157, 211)
(207, 148, 204)
(162, 101, 161)
(152, 84, 145)
(168, 103, 167)
(196, 138, 196)
(200, 150, 199)
(209, 160, 207)
(207, 152, 210)
(171, 95, 160)
(187, 122, 186)
(198, 159, 203)
(162, 85, 157)
(202, 154, 202)
(209, 155, 213)
(211, 164, 210)
(161, 90, 160)
(155, 80, 149)
(163, 94, 159)
(180, 109, 179)
(154, 85, 152)
(189, 127, 190)
(210, 161, 208)
(217, 162, 219)
(191, 138, 192)
(167, 100, 167)
(151, 78, 151)
(182, 121, 181)
(182, 120, 185)
(203, 155, 205)
(204, 151, 203)
(157, 92, 156)
(211, 153, 214)
(190, 102, 186)
(165, 99, 163)
(184, 114, 176)
(189, 107, 189)
(185, 121, 182)
(173, 85, 161)
(209, 162, 206)
(165, 95, 165)
(177, 116, 175)
(177, 108, 171)
(199, 158, 202)
(168, 99, 164)
(165, 83, 159)
(180, 119, 178)
(196, 127, 190)
(201, 153, 201)
(158, 78, 151)
(162, 84, 160)
(155, 75, 146)
(209, 151, 210)
(189, 129, 189)
(198, 139, 197)
(204, 162, 202)
(211, 153, 204)
(164, 78, 149)
(208, 148, 208)
(193, 128, 194)
(180, 89, 168)
(160, 83, 155)
(195, 140, 197)
(185, 124, 183)
(210, 152, 211)
(213, 152, 209)
(157, 84, 155)
(165, 98, 165)
(209, 161, 209)
(152, 86, 148)
(162, 102, 162)
(171, 101, 161)
(200, 152, 202)
(193, 109, 194)
(179, 126, 180)
(197, 137, 197)
(191, 106, 189)
(206, 147, 205)
(207, 143, 203)
(162, 96, 160)
(202, 156, 205)
(155, 78, 146)
(158, 85, 158)
(151, 76, 143)
(158, 77, 154)
(174, 105, 168)
(170, 94, 166)
(193, 140, 194)
(204, 160, 209)
(161, 85, 159)
(161, 77, 155)
(210, 155, 212)
(184, 126, 187)
(201, 130, 198)
(159, 98, 158)
(150, 78, 142)
(195, 136, 194)
(203, 150, 204)
(197, 156, 200)
(157, 83, 158)
(207, 156, 212)
(200, 163, 206)
(187, 123, 183)
(178, 106, 172)
(209, 157, 206)
(196, 136, 196)
(158, 76, 148)
(208, 161, 207)
(158, 87, 157)
(205, 146, 204)
(152, 82, 144)
(199, 160, 204)
(197, 133, 194)
(206, 151, 206)
(205, 147, 205)
(158, 88, 158)
(208, 154, 204)
(200, 135, 201)
(202, 160, 206)
(155, 88, 157)
(183, 118, 176)
(208, 157, 214)
(201, 148, 200)
(211, 162, 209)
(192, 139, 193)
(189, 124, 188)
(204, 156, 206)
(174, 97, 167)
(163, 92, 158)
(193, 127, 191)
(172, 102, 165)
(192, 123, 190)
(210, 151, 209)
(203, 153, 204)
(166, 84, 156)
(205, 164, 206)
(200, 161, 208)
(191, 120, 188)
(206, 161, 204)
(156, 87, 154)
(203, 146, 201)
(216, 161, 216)
(207, 152, 209)
(159, 89, 161)
(206, 153, 205)
(152, 81, 147)
(198, 152, 199)
(215, 156, 210)
(203, 123, 194)
(208, 149, 205)
(211, 157, 206)
(154, 77, 147)
(155, 84, 154)
(153, 78, 143)
(208, 153, 211)
(164, 102, 165)
(211, 161, 212)
(198, 137, 197)
(173, 101, 164)
(154, 89, 157)
(179, 114, 180)
(164, 95, 162)
(176, 111, 175)
(189, 120, 185)
(218, 152, 213)
(186, 125, 184)
(170, 89, 165)
(203, 159, 210)
(159, 89, 151)
(205, 160, 203)
(204, 140, 200)
(156, 86, 156)
(216, 157, 213)
(169, 98, 166)
(171, 118, 174)
(171, 110, 170)
(177, 112, 176)
(215, 158, 209)
(202, 113, 195)
(209, 159, 208)
(207, 148, 206)
(200, 150, 201)
(158, 82, 157)
(162, 93, 158)
(209, 152, 205)
(159, 78, 155)
(165, 80, 161)
(206, 145, 204)
(187, 122, 188)
(192, 129, 186)
(155, 79, 151)
(202, 154, 204)
(201, 151, 204)
(211, 157, 209)
(163, 94, 161)
(208, 133, 200)
(182, 128, 186)
(172, 112, 172)
(160, 79, 156)
(203, 151, 200)
(206, 159, 201)
(166, 101, 165)
(156, 85, 151)
(213, 160, 212)
(203, 155, 207)
(204, 151, 205)
(157, 92, 158)
(149, 79, 142)
(195, 134, 194)
(205, 159, 206)
(156, 70, 143)
(189, 107, 191)
(203, 148, 203)
(171, 105, 166)
(198, 161, 205)
(199, 157, 203)
(216, 153, 210)
(203, 132, 200)
(209, 163, 209)
(209, 155, 205)
(158, 77, 153)
(187, 125, 188)
(208, 160, 208)
(205, 144, 203)
(196, 127, 192)
(209, 158, 215)
(201, 153, 203)
(212, 155, 206)
(209, 151, 212)
(189, 129, 191)
(210, 164, 211)
(208, 144, 204)
(203, 155, 197)
(163, 97, 161)
(155, 79, 154)
(173, 103, 166)
(160, 90, 160)
(164, 78, 151)
(208, 148, 210)
(164, 97, 164)
(205, 158, 200)
(167, 85, 157)
(184, 119, 183)
(212, 135, 205)
(172, 100, 164)
(166, 97, 162)
(190, 105, 188)
(203, 154, 209)

