0.05
231,764
270,968
126
300,1400
290,1663
423,1882
198,1882
676,1700
862,1637
797,1944
155,0,5
182,78,0
192,153,0
53,130,2
3,78,163
159,44,151
199,135,137/192,141,137/194,144,136/199,146,140/198,137,137/118,78,85/118,83,83
170,119,100/141,119,115/210,177,160/223,158,139/214,171,150
234,211,160
182,126,203/181,125,206/179,124,203/182,129,198
164,190,142/161,191,138/160,189,141
164,190,142/59,94,156/60,98,155/104,140,203/87,122,184/121,154,213/90,128,184/97,136,196/61,102,163
202,133,207/202,135,205/206,132,209/201,131,209
140,192,183/136,193,181/143,191,183/142,190,185/133,194,181
